4, 3
12, 3
20, 3
28, 3
36, 3
44, 3
52, 3
60, 3
68, 3
76, 3
84, 3
92, 3
100, 3
108, 3
116, 3
124, 3
132, 3
140, 3
148, 3
156, 3
164, 3
172, 3
180, 3
188, 3
196, 3
204, 3
212, 3
220, 3
228, 3
236, 3
244, 3
252, 3
260, 3
268, 3
276, 3
284, 3
292, 3
300, 3
308, 3
316, 3
324, 3
332, 3
340, 3
348, 3
356, 3
364, 3
372, 3
380, 3
388, 3
396, 3
404, 3
412, 3
420, 3
428, 3
436, 3
444, 3
452, 3
460, 3
468, 3
476, 3
484, 3
492, 3
500, 3
508, 3
516, 3
524, 3
532, 3
540, 3
548, 3
556, 3
564, 3
572, 3
580, 3
588, 3
596, 3
604, 3
612, 3
620, 3
628, 3
636, 3
644, 3
652, 3
660, 3
668, 3
676, 3
684, 3
692, 3
700, 3
708, 3
716, 3
724, 3
732, 3
740, 3
748, 3
756, 3
764, 3
772, 3
780, 3
788, 3
796, 3
4, 9
12, 9
20, 9
28, 9
36, 9
44, 9
52, 9
60, 9
68, 9
76, 9
84, 9
92, 9
100, 9
108, 9
116, 9
124, 9
132, 9
140, 9
148, 9
156, 9
164, 9
172, 9
180, 9
188, 9
196, 9
204, 9
212, 9
220, 9
228, 9
236, 9
244, 9
252, 9
260, 9
268, 9
276, 9
284, 9
292, 9
300, 9
308, 9
316, 9
324, 9
332, 9
340, 9
348, 9
356, 9
364, 9
372, 9
380, 9
388, 9
396, 9
404, 9
412, 9
420, 9
428, 9
436, 9
444, 9
452, 9
460, 9
468, 9
476, 9
484, 9
492, 9
500, 9
508, 9
516, 9
524, 9
532, 9
540, 9
548, 9
556, 9
564, 9
572, 9
580, 9
588, 9
596, 9
604, 9
612, 9
620, 9
628, 9
636, 9
644, 9
652, 9
660, 9
668, 9
676, 9
684, 9
692, 9
700, 9
708, 9
716, 9
724, 9
732, 9
740, 9
748, 9
756, 9
764, 9
772, 9
780, 9
788, 9
796, 9
4, 15
12, 15
20, 15
28, 15
36, 15
44, 15
52, 15
60, 15
68, 15
76, 15
84, 15
92, 15
100, 15
108, 15
116, 15
124, 15
132, 15
140, 15
148, 15
156, 15
164, 15
172, 15
180, 15
188, 15
196, 15
204, 15
212, 15
220, 15
228, 15
236, 15
244, 15
252, 15
260, 15
268, 15
276, 15
284, 15
292, 15
300, 15
308, 15
316, 15
324, 15
332, 15
340, 15
348, 15
356, 15
364, 15
372, 15
380, 15
388, 15
396, 15
404, 15
412, 15
420, 15
428, 15
436, 15
444, 15
452, 15
460, 15
468, 15
476, 15
484, 15
492, 15
500, 15
508, 15
516, 15
524, 15
532, 15
540, 15
548, 15
556, 15
564, 15
572, 15
580, 15
588, 15
596, 15
604, 15
612, 15
620, 15
628, 15
636, 15
644, 15
652, 15
660, 15
668, 15
676, 15
684, 15
692, 15
700, 15
708, 15
716, 15
724, 15
732, 15
740, 15
748, 15
756, 15
764, 15
772, 15
780, 15
788, 15
796, 15
4, 21
12, 21
20, 21
28, 21
36, 21
44, 21
52, 21
60, 21
68, 21
76, 21
84, 21
92, 21
100, 21
108, 21
116, 21
124, 21
132, 21
140, 21
148, 21
156, 21
164, 21
172, 21
180, 21
188, 21
196, 21
204, 21
212, 21
220, 21
228, 21
236, 21
244, 21
252, 21
260, 21
268, 21
276, 21
284, 21
292, 21
300, 21
308, 21
316, 21
324, 21
332, 21
340, 21
348, 21
356, 21
364, 21
372, 21
380, 21
388, 21
396, 21
404, 21
412, 21
420, 21
428, 21
436, 21
444, 21
452, 21
460, 21
468, 21
476, 21
484, 21
492, 21
500, 21
508, 21
516, 21
524, 21
532, 21
540, 21
548, 21
556, 21
564, 21
572, 21
580, 21
588, 21
596, 21
604, 21
612, 21
620, 21
628, 21
636, 21
644, 21
652, 21
660, 21
668, 21
676, 21
684, 21
692, 21
700, 21
708, 21
716, 21
724, 21
732, 21
740, 21
748, 21
756, 21
764, 21
772, 21
780, 21
788, 21
796, 21
4, 27
12, 27
20, 27
28, 27
36, 27
44, 27
52, 27
60, 27
68, 27
76, 27
84, 27
92, 27
100, 27
108, 27
116, 27
124, 27
132, 27
140, 27
148, 27
156, 27
164, 27
172, 27
180, 27
188, 27
196, 27
204, 27
212, 27
220, 27
228, 27
236, 27
244, 27
252, 27
260, 27
268, 27
276, 27
284, 27
292, 27
300, 27
308, 27
316, 27
324, 27
332, 27
340, 27
348, 27
356, 27
364, 27
372, 27
380, 27
388, 27
396, 27
404, 27
412, 27
420, 27
428, 27
436, 27
444, 27
452, 27
460, 27
468, 27
476, 27
484, 27
492, 27
500, 27
508, 27
516, 27
524, 27
532, 27
540, 27
548, 27
556, 27
564, 27
572, 27
580, 27
588, 27
596, 27
604, 27
612, 27
620, 27
628, 27
636, 27
644, 27
652, 27
660, 27
668, 27
676, 27
684, 27
692, 27
700, 27
708, 27
716, 27
724, 27
732, 27
740, 27
748, 27
756, 27
764, 27
772, 27
780, 27
788, 27
796, 27
4, 33
12, 33
20, 33
28, 33
36, 33
44, 33
52, 33
60, 33
68, 33
76, 33
84, 33
92, 33
100, 33
108, 33
116, 33
124, 33
132, 33
140, 33
148, 33
156, 33
164, 33
172, 33
180, 33
188, 33
196, 33
204, 33
212, 33
220, 33
228, 33
236, 33
244, 33
252, 33
260, 33
268, 33
276, 33
284, 33
292, 33
300, 33
308, 33
316, 33
324, 33
332, 33
340, 33
348, 33
356, 33
364, 33
372, 33
380, 33
388, 33
396, 33
404, 33
412, 33
420, 33
428, 33
436, 33
444, 33
452, 33
460, 33
468, 33
476, 33
484, 33
492, 33
500, 33
508, 33
516, 33
524, 33
532, 33
540, 33
548, 33
556, 33
564, 33
572, 33
580, 33
588, 33
596, 33
604, 33
612, 33
620, 33
628, 33
636, 33
644, 33
652, 33
660, 33
668, 33
676, 33
684, 33
692, 33
700, 33
708, 33
716, 33
724, 33
732, 33
740, 33
748, 33
756, 33
764, 33
772, 33
780, 33
788, 33
796, 33
4, 39
12, 39
20, 39
28, 39
36, 39
44, 39
52, 39
60, 39
68, 39
76, 39
84, 39
92, 39
100, 39
108, 39
116, 39
124, 39
132, 39
140, 39
148, 39
156, 39
164, 39
172, 39
180, 39
188, 39
196, 39
204, 39
212, 39
220, 39
228, 39
236, 39
244, 39
252, 39
260, 39
268, 39
276, 39
284, 39
292, 39
300, 39
308, 39
316, 39
324, 39
332, 39
340, 39
348, 39
356, 39
364, 39
372, 39
380, 39
388, 39
396, 39
404, 39
412, 39
420, 39
428, 39
436, 39
444, 39
452, 39
460, 39
468, 39
476, 39
484, 39
492, 39
500, 39
508, 39
516, 39
524, 39
532, 39
540, 39
548, 39
556, 39
564, 39
572, 39
580, 39
588, 39
596, 39
604, 39
612, 39
620, 39
628, 39
636, 39
644, 39
652, 39
660, 39
668, 39
676, 39
684, 39
692, 39
700, 39
708, 39
716, 39
724, 39
732, 39
740, 39
748, 39
756, 39
764, 39
772, 39
780, 39
788, 39
796, 39
4, 45
12, 45
20, 45
28, 45
36, 45
44, 45
52, 45
60, 45
68, 45
76, 45
84, 45
92, 45
100, 45
108, 45
116, 45
124, 45
132, 45
140, 45
148, 45
156, 45
164, 45
172, 45
180, 45
188, 45
196, 45
204, 45
212, 45
220, 45
228, 45
236, 45
244, 45
252, 45
260, 45
268, 45
276, 45
284, 45
292, 45
300, 45
308, 45
316, 45
324, 45
332, 45
340, 45
348, 45
356, 45
364, 45
372, 45
380, 45
388, 45
396, 45
404, 45
412, 45
420, 45
428, 45
436, 45
444, 45
452, 45
460, 45
468, 45
476, 45
484, 45
492, 45
500, 45
508, 45
516, 45
524, 45
532, 45
540, 45
548, 45
556, 45
564, 45
572, 45
580, 45
588, 45
596, 45
604, 45
612, 45
620, 45
628, 45
636, 45
644, 45
652, 45
660, 45
668, 45
676, 45
684, 45
692, 45
700, 45
708, 45
716, 45
724, 45
732, 45
740, 45
748, 45
756, 45
764, 45
772, 45
780, 45
788, 45
796, 45
4, 51
12, 51
20, 51
28, 51
36, 51
44, 51
52, 51
60, 51
68, 51
76, 51
84, 51
92, 51
100, 51
108, 51
116, 51
124, 51
132, 51
140, 51
148, 51
156, 51
164, 51
172, 51
180, 51
188, 51
196, 51
204, 51
212, 51
220, 51
228, 51
236, 51
244, 51
252, 51
260, 51
268, 51
276, 51
284, 51
292, 51
300, 51
308, 51
316, 51
324, 51
332, 51
340, 51
348, 51
356, 51
364, 51
372, 51
380, 51
388, 51
396, 51
404, 51
412, 51
420, 51
428, 51
436, 51
444, 51
452, 51
460, 51
468, 51
476, 51
484, 51
492, 51
500, 51
508, 51
516, 51
524, 51
532, 51
540, 51
548, 51
556, 51
564, 51
572, 51
580, 51
588, 51
596, 51
604, 51
612, 51
620, 51
628, 51
636, 51
644, 51
652, 51
660, 51
668, 51
676, 51
684, 51
692, 51
700, 51
708, 51
716, 51
724, 51
732, 51
740, 51
748, 51
756, 51
764, 51
772, 51
780, 51
788, 51
796, 51
4, 57
12, 57
20, 57
28, 57
36, 57
44, 57
52, 57
60, 57
68, 57
76, 57
84, 57
92, 57
100, 57
108, 57
116, 57
124, 57
132, 57
140, 57
148, 57
156, 57
164, 57
172, 57
180, 57
188, 57
196, 57
204, 57
212, 57
220, 57
228, 57
236, 57
244, 57
252, 57
260, 57
268, 57
276, 57
284, 57
292, 57
300, 57
308, 57
316, 57
324, 57
332, 57
340, 57
348, 57
356, 57
364, 57
372, 57
380, 57
388, 57
396, 57
404, 57
412, 57
420, 57
428, 57
436, 57
444, 57
452, 57
460, 57
468, 57
476, 57
484, 57
492, 57
500, 57
508, 57
516, 57
524, 57
532, 57
540, 57
548, 57
556, 57
564, 57
572, 57
580, 57
588, 57
596, 57
604, 57
612, 57
620, 57
628, 57
636, 57
644, 57
652, 57
660, 57
668, 57
676, 57
684, 57
692, 57
700, 57
708, 57
716, 57
724, 57
732, 57
740, 57
748, 57
756, 57
764, 57
772, 57
780, 57
788, 57
796, 57
4, 63
12, 63
20, 63
28, 63
36, 63
44, 63
52, 63
60, 63
68, 63
76, 63
84, 63
92, 63
100, 63
108, 63
116, 63
124, 63
132, 63
140, 63
148, 63
156, 63
164, 63
172, 63
180, 63
188, 63
196, 63
204, 63
212, 63
220, 63
228, 63
236, 63
244, 63
252, 63
260, 63
268, 63
276, 63
284, 63
292, 63
300, 63
308, 63
316, 63
324, 63
332, 63
340, 63
348, 63
356, 63
364, 63
372, 63
380, 63
388, 63
396, 63
404, 63
412, 63
420, 63
428, 63
436, 63
444, 63
452, 63
460, 63
468, 63
476, 63
484, 63
492, 63
500, 63
508, 63
516, 63
524, 63
532, 63
540, 63
548, 63
556, 63
564, 63
572, 63
580, 63
588, 63
596, 63
604, 63
612, 63
620, 63
628, 63
636, 63
644, 63
652, 63
660, 63
668, 63
676, 63
684, 63
692, 63
700, 63
708, 63
716, 63
724, 63
732, 63
740, 63
748, 63
756, 63
764, 63
772, 63
780, 63
788, 63
796, 63
4, 69
12, 69
20, 69
28, 69
36, 69
44, 69
52, 69
60, 69
68, 69
76, 69
84, 69
92, 69
100, 69
108, 69
116, 69
124, 69
132, 69
140, 69
148, 69
156, 69
164, 69
172, 69
180, 69
188, 69
196, 69
204, 69
212, 69
220, 69
228, 69
236, 69
244, 69
252, 69
260, 69
268, 69
276, 69
284, 69
292, 69
300, 69
308, 69
316, 69
324, 69
332, 69
340, 69
348, 69
356, 69
364, 69
372, 69
380, 69
388, 69
396, 69
404, 69
412, 69
420, 69
428, 69
436, 69
444, 69
452, 69
460, 69
468, 69
476, 69
484, 69
492, 69
500, 69
508, 69
516, 69
524, 69
532, 69
540, 69
548, 69
556, 69
564, 69
572, 69
580, 69
588, 69
596, 69
604, 69
612, 69
620, 69
628, 69
636, 69
644, 69
652, 69
660, 69
668, 69
676, 69
684, 69
692, 69
700, 69
708, 69
716, 69
724, 69
732, 69
740, 69
748, 69
756, 69
764, 69
772, 69
780, 69
788, 69
796, 69
4, 75
12, 75
20, 75
28, 75
36, 75
44, 75
52, 75
60, 75
68, 75
76, 75
84, 75
92, 75
100, 75
108, 75
116, 75
124, 75
132, 75
140, 75
148, 75
156, 75
164, 75
172, 75
180, 75
188, 75
196, 75
204, 75
212, 75
220, 75
228, 75
236, 75
244, 75
252, 75
260, 75
268, 75
276, 75
284, 75
292, 75
300, 75
308, 75
316, 75
324, 75
332, 75
340, 75
348, 75
356, 75
364, 75
372, 75
380, 75
388, 75
396, 75
404, 75
412, 75
420, 75
428, 75
436, 75
444, 75
452, 75
460, 75
468, 75
476, 75
484, 75
492, 75
500, 75
508, 75
516, 75
524, 75
532, 75
540, 75
548, 75
556, 75
564, 75
572, 75
580, 75
588, 75
596, 75
604, 75
612, 75
620, 75
628, 75
636, 75
644, 75
652, 75
660, 75
668, 75
676, 75
684, 75
692, 75
700, 75
708, 75
716, 75
724, 75
732, 75
740, 75
748, 75
756, 75
764, 75
772, 75
780, 75
788, 75
796, 75
4, 81
12, 81
20, 81
28, 81
36, 81
44, 81
52, 81
60, 81
68, 81
76, 81
84, 81
92, 81
100, 81
108, 81
116, 81
124, 81
132, 81
140, 81
148, 81
156, 81
164, 81
172, 81
180, 81
188, 81
196, 81
204, 81
212, 81
220, 81
228, 81
236, 81
244, 81
252, 81
260, 81
268, 81
276, 81
284, 81
292, 81
300, 81
308, 81
316, 81
324, 81
332, 81
340, 81
348, 81
356, 81
364, 81
372, 81
380, 81
388, 81
396, 81
404, 81
412, 81
420, 81
428, 81
436, 81
444, 81
452, 81
460, 81
468, 81
476, 81
484, 81
492, 81
500, 81
508, 81
516, 81
524, 81
532, 81
540, 81
548, 81
556, 81
564, 81
572, 81
580, 81
588, 81
596, 81
604, 81
612, 81
620, 81
628, 81
636, 81
644, 81
652, 81
660, 81
668, 81
676, 81
684, 81
692, 81
700, 81
708, 81
716, 81
724, 81
732, 81
740, 81
748, 81
756, 81
764, 81
772, 81
780, 81
788, 81
796, 81
4, 87
12, 87
20, 87
28, 87
36, 87
44, 87
52, 87
60, 87
68, 87
76, 87
84, 87
92, 87
100, 87
108, 87
116, 87
124, 87
132, 87
140, 87
148, 87
156, 87
164, 87
172, 87
180, 87
188, 87
196, 87
204, 87
212, 87
220, 87
228, 87
236, 87
244, 87
252, 87
260, 87
268, 87
276, 87
284, 87
292, 87
300, 87
308, 87
316, 87
324, 87
332, 87
340, 87
348, 87
356, 87
364, 87
372, 87
380, 87
388, 87
396, 87
404, 87
412, 87
420, 87
428, 87
436, 87
444, 87
452, 87
460, 87
468, 87
476, 87
484, 87
492, 87
500, 87
508, 87
516, 87
524, 87
532, 87
540, 87
548, 87
556, 87
564, 87
572, 87
580, 87
588, 87
596, 87
604, 87
612, 87
620, 87
628, 87
636, 87
644, 87
652, 87
660, 87
668, 87
676, 87
684, 87
692, 87
700, 87
708, 87
716, 87
724, 87
732, 87
740, 87
748, 87
756, 87
764, 87
772, 87
780, 87
788, 87
796, 87
4, 93
12, 93
20, 93
28, 93
36, 93
44, 93
52, 93
60, 93
68, 93
76, 93
84, 93
92, 93
100, 93
108, 93
116, 93
124, 93
132, 93
140, 93
148, 93
156, 93
164, 93
172, 93
180, 93
188, 93
196, 93
204, 93
212, 93
220, 93
228, 93
236, 93
244, 93
252, 93
260, 93
268, 93
276, 93
284, 93
292, 93
300, 93
308, 93
316, 93
324, 93
332, 93
340, 93
348, 93
356, 93
364, 93
372, 93
380, 93
388, 93
396, 93
404, 93
412, 93
420, 93
428, 93
436, 93
444, 93
452, 93
460, 93
468, 93
476, 93
484, 93
492, 93
500, 93
508, 93
516, 93
524, 93
532, 93
540, 93
548, 93
556, 93
564, 93
572, 93
580, 93
588, 93
596, 93
604, 93
612, 93
620, 93
628, 93
636, 93
644, 93
652, 93
660, 93
668, 93
676, 93
684, 93
692, 93
700, 93
708, 93
716, 93
724, 93
732, 93
740, 93
748, 93
756, 93
764, 93
772, 93
780, 93
788, 93
796, 93
4, 99
12, 99
20, 99
28, 99
36, 99
44, 99
52, 99
60, 99
68, 99
76, 99
84, 99
92, 99
100, 99
108, 99
116, 99
124, 99
132, 99
140, 99
148, 99
156, 99
164, 99
172, 99
180, 99
188, 99
196, 99
204, 99
212, 99
220, 99
228, 99
236, 99
244, 99
252, 99
260, 99
268, 99
276, 99
284, 99
292, 99
300, 99
308, 99
316, 99
324, 99
332, 99
340, 99
348, 99
356, 99
364, 99
372, 99
380, 99
388, 99
396, 99
404, 99
412, 99
420, 99
428, 99
436, 99
444, 99
452, 99
460, 99
468, 99
476, 99
484, 99
492, 99
500, 99
508, 99
516, 99
524, 99
532, 99
540, 99
548, 99
556, 99
564, 99
572, 99
580, 99
588, 99
596, 99
604, 99
612, 99
620, 99
628, 99
636, 99
644, 99
652, 99
660, 99
668, 99
676, 99
684, 99
692, 99
700, 99
708, 99
716, 99
724, 99
732, 99
740, 99
748, 99
756, 99
764, 99
772, 99
780, 99
788, 99
796, 99
4, 105
12, 105
20, 105
28, 105
36, 105
44, 105
52, 105
60, 105
68, 105
76, 105
84, 105
92, 105
100, 105
108, 105
116, 105
124, 105
132, 105
140, 105
148, 105
156, 105
164, 105
172, 105
180, 105
188, 105
196, 105
204, 105
212, 105
220, 105
228, 105
236, 105
244, 105
252, 105
260, 105
268, 105
276, 105
284, 105
292, 105
300, 105
308, 105
316, 105
324, 105
332, 105
340, 105
348, 105
356, 105
364, 105
372, 105
380, 105
388, 105
396, 105
404, 105
412, 105
420, 105
428, 105
436, 105
444, 105
452, 105
460, 105
468, 105
476, 105
484, 105
492, 105
500, 105
508, 105
516, 105
524, 105
532, 105
540, 105
548, 105
556, 105
564, 105
572, 105
580, 105
588, 105
596, 105
604, 105
612, 105
620, 105
628, 105
636, 105
644, 105
652, 105
660, 105
668, 105
676, 105
684, 105
692, 105
700, 105
708, 105
716, 105
724, 105
732, 105
740, 105
748, 105
756, 105
764, 105
772, 105
780, 105
788, 105
796, 105
4, 111
12, 111
20, 111
28, 111
36, 111
44, 111
52, 111
60, 111
68, 111
76, 111
84, 111
92, 111
100, 111
108, 111
116, 111
124, 111
132, 111
140, 111
148, 111
156, 111
164, 111
172, 111
180, 111
188, 111
196, 111
204, 111
212, 111
220, 111
228, 111
236, 111
244, 111
252, 111
260, 111
268, 111
276, 111
284, 111
292, 111
300, 111
308, 111
316, 111
324, 111
332, 111
340, 111
348, 111
356, 111
364, 111
372, 111
380, 111
388, 111
396, 111
404, 111
412, 111
420, 111
428, 111
436, 111
444, 111
452, 111
460, 111
468, 111
476, 111
484, 111
492, 111
500, 111
508, 111
516, 111
524, 111
532, 111
540, 111
548, 111
556, 111
564, 111
572, 111
580, 111
588, 111
596, 111
604, 111
612, 111
620, 111
628, 111
636, 111
644, 111
652, 111
660, 111
668, 111
676, 111
684, 111
692, 111
700, 111
708, 111
716, 111
724, 111
732, 111
740, 111
748, 111
756, 111
764, 111
772, 111
780, 111
788, 111
796, 111
4, 117
12, 117
20, 117
28, 117
36, 117
44, 117
52, 117
60, 117
68, 117
76, 117
84, 117
92, 117
100, 117
108, 117
116, 117
124, 117
132, 117
140, 117
148, 117
156, 117
164, 117
172, 117
180, 117
188, 117
196, 117
204, 117
212, 117
220, 117
228, 117
236, 117
244, 117
252, 117
260, 117
268, 117
276, 117
284, 117
292, 117
300, 117
308, 117
316, 117
324, 117
332, 117
340, 117
348, 117
356, 117
364, 117
372, 117
380, 117
388, 117
396, 117
404, 117
412, 117
420, 117
428, 117
436, 117
444, 117
452, 117
460, 117
468, 117
476, 117
484, 117
492, 117
500, 117
508, 117
516, 117
524, 117
532, 117
540, 117
548, 117
556, 117
564, 117
572, 117
580, 117
588, 117
596, 117
604, 117
612, 117
620, 117
628, 117
636, 117
644, 117
652, 117
660, 117
668, 117
676, 117
684, 117
692, 117
700, 117
708, 117
716, 117
724, 117
732, 117
740, 117
748, 117
756, 117
764, 117
772, 117
780, 117
788, 117
796, 117
4, 123
12, 123
20, 123
28, 123
36, 123
44, 123
52, 123
60, 123
68, 123
76, 123
84, 123
92, 123
100, 123
108, 123
116, 123
124, 123
132, 123
140, 123
148, 123
156, 123
164, 123
172, 123
180, 123
188, 123
196, 123
204, 123
212, 123
220, 123
228, 123
236, 123
244, 123
252, 123
260, 123
268, 123
276, 123
284, 123
292, 123
300, 123
308, 123
316, 123
324, 123
332, 123
340, 123
348, 123
356, 123
364, 123
372, 123
380, 123
388, 123
396, 123
404, 123
412, 123
420, 123
428, 123
436, 123
444, 123
452, 123
460, 123
468, 123
476, 123
484, 123
492, 123
500, 123
508, 123
516, 123
524, 123
532, 123
540, 123
548, 123
556, 123
564, 123
572, 123
580, 123
588, 123
596, 123
604, 123
612, 123
620, 123
628, 123
636, 123
644, 123
652, 123
660, 123
668, 123
676, 123
684, 123
692, 123
700, 123
708, 123
716, 123
724, 123
732, 123
740, 123
748, 123
756, 123
764, 123
772, 123
780, 123
788, 123
796, 123
4, 129
12, 129
20, 129
28, 129
36, 129
44, 129
52, 129
60, 129
68, 129
76, 129
84, 129
92, 129
100, 129
108, 129
116, 129
124, 129
132, 129
140, 129
148, 129
156, 129
164, 129
172, 129
180, 129
188, 129
196, 129
204, 129
212, 129
220, 129
228, 129
236, 129
244, 129
252, 129
260, 129
268, 129
276, 129
284, 129
292, 129
300, 129
308, 129
316, 129
324, 129
332, 129
340, 129
348, 129
356, 129
364, 129
372, 129
380, 129
388, 129
396, 129
404, 129
412, 129
420, 129
428, 129
436, 129
444, 129
452, 129
460, 129
468, 129
476, 129
484, 129
492, 129
500, 129
508, 129
516, 129
524, 129
532, 129
540, 129
548, 129
556, 129
564, 129
572, 129
580, 129
588, 129
596, 129
604, 129
612, 129
620, 129
628, 129
636, 129
644, 129
652, 129
660, 129
668, 129
676, 129
684, 129
692, 129
700, 129
708, 129
716, 129
724, 129
732, 129
740, 129
748, 129
756, 129
764, 129
772, 129
780, 129
788, 129
796, 129
4, 135
12, 135
20, 135
28, 135
36, 135
44, 135
52, 135
60, 135
68, 135
76, 135
84, 135
92, 135
100, 135
108, 135
116, 135
124, 135
132, 135
140, 135
148, 135
156, 135
164, 135
172, 135
180, 135
188, 135
196, 135
204, 135
212, 135
220, 135
228, 135
236, 135
244, 135
252, 135
260, 135
268, 135
276, 135
284, 135
292, 135
300, 135
308, 135
316, 135
324, 135
332, 135
340, 135
348, 135
356, 135
364, 135
372, 135
380, 135
388, 135
396, 135
404, 135
412, 135
420, 135
428, 135
436, 135
444, 135
452, 135
460, 135
468, 135
476, 135
484, 135
492, 135
500, 135
508, 135
516, 135
524, 135
532, 135
540, 135
548, 135
556, 135
564, 135
572, 135
580, 135
588, 135
596, 135
604, 135
612, 135
620, 135
628, 135
636, 135
644, 135
652, 135
660, 135
668, 135
676, 135
684, 135
692, 135
700, 135
708, 135
716, 135
724, 135
732, 135
740, 135
748, 135
756, 135
764, 135
772, 135
780, 135
788, 135
796, 135
4, 141
12, 141
20, 141
28, 141
36, 141
44, 141
52, 141
60, 141
68, 141
76, 141
84, 141
92, 141
100, 141
108, 141
116, 141
124, 141
132, 141
140, 141
148, 141
156, 141
164, 141
172, 141
180, 141
188, 141
196, 141
204, 141
212, 141
220, 141
228, 141
236, 141
244, 141
252, 141
260, 141
268, 141
276, 141
284, 141
292, 141
300, 141
308, 141
316, 141
324, 141
332, 141
340, 141
348, 141
356, 141
364, 141
372, 141
380, 141
388, 141
396, 141
404, 141
412, 141
420, 141
428, 141
436, 141
444, 141
452, 141
460, 141
468, 141
476, 141
484, 141
492, 141
500, 141
508, 141
516, 141
524, 141
532, 141
540, 141
548, 141
556, 141
564, 141
572, 141
580, 141
588, 141
596, 141
604, 141
612, 141
620, 141
628, 141
636, 141
644, 141
652, 141
660, 141
668, 141
676, 141
684, 141
692, 141
700, 141
708, 141
716, 141
724, 141
732, 141
740, 141
748, 141
756, 141
764, 141
772, 141
780, 141
788, 141
796, 141
4, 147
12, 147
20, 147
28, 147
36, 147
44, 147
52, 147
60, 147
68, 147
76, 147
84, 147
92, 147
100, 147
108, 147
116, 147
124, 147
132, 147
140, 147
148, 147
156, 147
164, 147
172, 147
180, 147
188, 147
196, 147
204, 147
212, 147
220, 147
228, 147
236, 147
244, 147
252, 147
260, 147
268, 147
276, 147
284, 147
292, 147
300, 147
308, 147
316, 147
324, 147
332, 147
340, 147
348, 147
356, 147
364, 147
372, 147
380, 147
388, 147
396, 147
404, 147
412, 147
420, 147
428, 147
436, 147
444, 147
452, 147
460, 147
468, 147
476, 147
484, 147
492, 147
500, 147
508, 147
516, 147
524, 147
532, 147
540, 147
548, 147
556, 147
564, 147
572, 147
580, 147
588, 147
596, 147
604, 147
612, 147
620, 147
628, 147
636, 147
644, 147
652, 147
660, 147
668, 147
676, 147
684, 147
692, 147
700, 147
708, 147
716, 147
724, 147
732, 147
740, 147
748, 147
756, 147
764, 147
772, 147
780, 147
788, 147
796, 147
4, 153
12, 153
20, 153
28, 153
36, 153
44, 153
52, 153
60, 153
68, 153
76, 153
84, 153
92, 153
100, 153
108, 153
116, 153
124, 153
132, 153
140, 153
148, 153
156, 153
164, 153
172, 153
180, 153
188, 153
196, 153
204, 153
212, 153
220, 153
228, 153
236, 153
244, 153
252, 153
260, 153
268, 153
276, 153
284, 153
292, 153
300, 153
308, 153
316, 153
324, 153
332, 153
340, 153
348, 153
356, 153
364, 153
372, 153
380, 153
388, 153
396, 153
404, 153
412, 153
420, 153
428, 153
436, 153
444, 153
452, 153
460, 153
468, 153
476, 153
484, 153
492, 153
500, 153
508, 153
516, 153
524, 153
532, 153
540, 153
548, 153
556, 153
564, 153
572, 153
580, 153
588, 153
596, 153
604, 153
612, 153
620, 153
628, 153
636, 153
644, 153
652, 153
660, 153
668, 153
676, 153
684, 153
692, 153
700, 153
708, 153
716, 153
724, 153
732, 153
740, 153
748, 153
756, 153
764, 153
772, 153
780, 153
788, 153
796, 153
4, 159
12, 159
20, 159
28, 159
36, 159
44, 159
52, 159
60, 159
68, 159
76, 159
84, 159
92, 159
100, 159
108, 159
116, 159
124, 159
132, 159
140, 159
148, 159
156, 159
164, 159
172, 159
180, 159
188, 159
196, 159
204, 159
212, 159
220, 159
228, 159
236, 159
244, 159
252, 159
260, 159
268, 159
276, 159
284, 159
292, 159
300, 159
308, 159
316, 159
324, 159
332, 159
340, 159
348, 159
356, 159
364, 159
372, 159
380, 159
388, 159
396, 159
404, 159
412, 159
420, 159
428, 159
436, 159
444, 159
452, 159
460, 159
468, 159
476, 159
484, 159
492, 159
500, 159
508, 159
516, 159
524, 159
532, 159
540, 159
548, 159
556, 159
564, 159
572, 159
580, 159
588, 159
596, 159
604, 159
612, 159
620, 159
628, 159
636, 159
644, 159
652, 159
660, 159
668, 159
676, 159
684, 159
692, 159
700, 159
708, 159
716, 159
724, 159
732, 159
740, 159
748, 159
756, 159
764, 159
772, 159
780, 159
788, 159
796, 159
4, 165
12, 165
20, 165
28, 165
36, 165
44, 165
52, 165
60, 165
68, 165
76, 165
84, 165
92, 165
100, 165
108, 165
116, 165
124, 165
132, 165
140, 165
148, 165
156, 165
164, 165
172, 165
180, 165
188, 165
196, 165
204, 165
212, 165
220, 165
228, 165
236, 165
244, 165
252, 165
260, 165
268, 165
276, 165
284, 165
292, 165
300, 165
308, 165
316, 165
324, 165
332, 165
340, 165
348, 165
356, 165
364, 165
372, 165
380, 165
388, 165
396, 165
404, 165
412, 165
420, 165
428, 165
436, 165
444, 165
452, 165
460, 165
468, 165
476, 165
484, 165
492, 165
500, 165
508, 165
516, 165
524, 165
532, 165
540, 165
548, 165
556, 165
564, 165
572, 165
580, 165
588, 165
596, 165
604, 165
612, 165
620, 165
628, 165
636, 165
644, 165
652, 165
660, 165
668, 165
676, 165
684, 165
692, 165
700, 165
708, 165
716, 165
724, 165
732, 165
740, 165
748, 165
756, 165
764, 165
772, 165
780, 165
788, 165
796, 165
4, 171
12, 171
20, 171
28, 171
36, 171
44, 171
52, 171
60, 171
68, 171
76, 171
84, 171
92, 171
100, 171
108, 171
116, 171
124, 171
132, 171
140, 171
148, 171
156, 171
164, 171
172, 171
180, 171
188, 171
196, 171
204, 171
212, 171
220, 171
228, 171
236, 171
244, 171
252, 171
260, 171
268, 171
276, 171
284, 171
292, 171
300, 171
308, 171
316, 171
324, 171
332, 171
340, 171
348, 171
356, 171
364, 171
372, 171
380, 171
388, 171
396, 171
404, 171
412, 171
420, 171
428, 171
436, 171
444, 171
452, 171
460, 171
468, 171
476, 171
484, 171
492, 171
500, 171
508, 171
516, 171
524, 171
532, 171
540, 171
548, 171
556, 171
564, 171
572, 171
580, 171
588, 171
596, 171
604, 171
612, 171
620, 171
628, 171
636, 171
644, 171
652, 171
660, 171
668, 171
676, 171
684, 171
692, 171
700, 171
708, 171
716, 171
724, 171
732, 171
740, 171
748, 171
756, 171
764, 171
772, 171
780, 171
788, 171
796, 171
4, 177
12, 177
20, 177
28, 177
36, 177
44, 177
52, 177
60, 177
68, 177
76, 177
84, 177
92, 177
100, 177
108, 177
116, 177
124, 177
132, 177
140, 177
148, 177
156, 177
164, 177
172, 177
180, 177
188, 177
196, 177
204, 177
212, 177
220, 177
228, 177
236, 177
244, 177
252, 177
260, 177
268, 177
276, 177
284, 177
292, 177
300, 177
308, 177
316, 177
324, 177
332, 177
340, 177
348, 177
356, 177
364, 177
372, 177
380, 177
388, 177
396, 177
404, 177
412, 177
420, 177
428, 177
436, 177
444, 177
452, 177
460, 177
468, 177
476, 177
484, 177
492, 177
500, 177
508, 177
516, 177
524, 177
532, 177
540, 177
548, 177
556, 177
564, 177
572, 177
580, 177
588, 177
596, 177
604, 177
612, 177
620, 177
628, 177
636, 177
644, 177
652, 177
660, 177
668, 177
676, 177
684, 177
692, 177
700, 177
708, 177
716, 177
724, 177
732, 177
740, 177
748, 177
756, 177
764, 177
772, 177
780, 177
788, 177
796, 177
4, 183
12, 183
20, 183
28, 183
36, 183
44, 183
52, 183
60, 183
68, 183
76, 183
84, 183
92, 183
100, 183
108, 183
116, 183
124, 183
132, 183
140, 183
148, 183
156, 183
164, 183
172, 183
180, 183
188, 183
196, 183
204, 183
212, 183
220, 183
228, 183
236, 183
244, 183
252, 183
260, 183
268, 183
276, 183
284, 183
292, 183
300, 183
308, 183
316, 183
324, 183
332, 183
340, 183
348, 183
356, 183
364, 183
372, 183
380, 183
388, 183
396, 183
404, 183
412, 183
420, 183
428, 183
436, 183
444, 183
452, 183
460, 183
468, 183
476, 183
484, 183
492, 183
500, 183
508, 183
516, 183
524, 183
532, 183
540, 183
548, 183
556, 183
564, 183
572, 183
580, 183
588, 183
596, 183
604, 183
612, 183
620, 183
628, 183
636, 183
644, 183
652, 183
660, 183
668, 183
676, 183
684, 183
692, 183
700, 183
708, 183
716, 183
724, 183
732, 183
740, 183
748, 183
756, 183
764, 183
772, 183
780, 183
788, 183
796, 183
4, 189
12, 189
20, 189
28, 189
36, 189
44, 189
52, 189
60, 189
68, 189
76, 189
84, 189
92, 189
100, 189
108, 189
116, 189
124, 189
132, 189
140, 189
148, 189
156, 189
164, 189
172, 189
180, 189
188, 189
196, 189
204, 189
212, 189
220, 189
228, 189
236, 189
244, 189
252, 189
260, 189
268, 189
276, 189
284, 189
292, 189
300, 189
308, 189
316, 189
324, 189
332, 189
340, 189
348, 189
356, 189
364, 189
372, 189
380, 189
388, 189
396, 189
404, 189
412, 189
420, 189
428, 189
436, 189
444, 189
452, 189
460, 189
468, 189
476, 189
484, 189
492, 189
500, 189
508, 189
516, 189
524, 189
532, 189
540, 189
548, 189
556, 189
564, 189
572, 189
580, 189
588, 189
596, 189
604, 189
612, 189
620, 189
628, 189
636, 189
644, 189
652, 189
660, 189
668, 189
676, 189
684, 189
692, 189
700, 189
708, 189
716, 189
724, 189
732, 189
740, 189
748, 189
756, 189
764, 189
772, 189
780, 189
788, 189
796, 189
4, 195
12, 195
20, 195
28, 195
36, 195
44, 195
52, 195
60, 195
68, 195
76, 195
84, 195
92, 195
100, 195
108, 195
116, 195
124, 195
132, 195
140, 195
148, 195
156, 195
164, 195
172, 195
180, 195
188, 195
196, 195
204, 195
212, 195
220, 195
228, 195
236, 195
244, 195
252, 195
260, 195
268, 195
276, 195
284, 195
292, 195
300, 195
308, 195
316, 195
324, 195
332, 195
340, 195
348, 195
356, 195
364, 195
372, 195
380, 195
388, 195
396, 195
404, 195
412, 195
420, 195
428, 195
436, 195
444, 195
452, 195
460, 195
468, 195
476, 195
484, 195
492, 195
500, 195
508, 195
516, 195
524, 195
532, 195
540, 195
548, 195
556, 195
564, 195
572, 195
580, 195
588, 195
596, 195
604, 195
612, 195
620, 195
628, 195
636, 195
644, 195
652, 195
660, 195
668, 195
676, 195
684, 195
692, 195
700, 195
708, 195
716, 195
724, 195
732, 195
740, 195
748, 195
756, 195
764, 195
772, 195
780, 195
788, 195
796, 195
4, 201
12, 201
20, 201
28, 201
36, 201
44, 201
52, 201
60, 201
68, 201
76, 201
84, 201
92, 201
100, 201
108, 201
116, 201
124, 201
132, 201
140, 201
148, 201
156, 201
164, 201
172, 201
180, 201
188, 201
196, 201
204, 201
212, 201
220, 201
228, 201
236, 201
244, 201
252, 201
260, 201
268, 201
276, 201
284, 201
292, 201
300, 201
308, 201
316, 201
324, 201
332, 201
340, 201
348, 201
356, 201
364, 201
372, 201
380, 201
388, 201
396, 201
404, 201
412, 201
420, 201
428, 201
436, 201
444, 201
452, 201
460, 201
468, 201
476, 201
484, 201
492, 201
500, 201
508, 201
516, 201
524, 201
532, 201
540, 201
548, 201
556, 201
564, 201
572, 201
580, 201
588, 201
596, 201
604, 201
612, 201
620, 201
628, 201
636, 201
644, 201
652, 201
660, 201
668, 201
676, 201
684, 201
692, 201
700, 201
708, 201
716, 201
724, 201
732, 201
740, 201
748, 201
756, 201
764, 201
772, 201
780, 201
788, 201
796, 201
4, 207
12, 207
20, 207
28, 207
36, 207
44, 207
52, 207
60, 207
68, 207
76, 207
84, 207
92, 207
100, 207
108, 207
116, 207
124, 207
132, 207
140, 207
148, 207
156, 207
164, 207
172, 207
180, 207
188, 207
196, 207
204, 207
212, 207
220, 207
228, 207
236, 207
244, 207
252, 207
260, 207
268, 207
276, 207
284, 207
292, 207
300, 207
308, 207
316, 207
324, 207
332, 207
340, 207
348, 207
356, 207
364, 207
372, 207
380, 207
388, 207
396, 207
404, 207
412, 207
420, 207
428, 207
436, 207
444, 207
452, 207
460, 207
468, 207
476, 207
484, 207
492, 207
500, 207
508, 207
516, 207
524, 207
532, 207
540, 207
548, 207
556, 207
564, 207
572, 207
580, 207
588, 207
596, 207
604, 207
612, 207
620, 207
628, 207
636, 207
644, 207
652, 207
660, 207
668, 207
676, 207
684, 207
692, 207
700, 207
708, 207
716, 207
724, 207
732, 207
740, 207
748, 207
756, 207
764, 207
772, 207
780, 207
788, 207
796, 207
4, 213
12, 213
20, 213
28, 213
36, 213
44, 213
52, 213
60, 213
68, 213
76, 213
84, 213
92, 213
100, 213
108, 213
116, 213
124, 213
132, 213
140, 213
148, 213
156, 213
164, 213
172, 213
180, 213
188, 213
196, 213
204, 213
212, 213
220, 213
228, 213
236, 213
244, 213
252, 213
260, 213
268, 213
276, 213
284, 213
292, 213
300, 213
308, 213
316, 213
324, 213
332, 213
340, 213
348, 213
356, 213
364, 213
372, 213
380, 213
388, 213
396, 213
404, 213
412, 213
420, 213
428, 213
436, 213
444, 213
452, 213
460, 213
468, 213
476, 213
484, 213
492, 213
500, 213
508, 213
516, 213
524, 213
532, 213
540, 213
548, 213
556, 213
564, 213
572, 213
580, 213
588, 213
596, 213
604, 213
612, 213
620, 213
628, 213
636, 213
644, 213
652, 213
660, 213
668, 213
676, 213
684, 213
692, 213
700, 213
708, 213
716, 213
724, 213
732, 213
740, 213
748, 213
756, 213
764, 213
772, 213
780, 213
788, 213
796, 213
4, 219
12, 219
20, 219
28, 219
36, 219
44, 219
52, 219
60, 219
68, 219
76, 219
84, 219
92, 219
100, 219
108, 219
116, 219
124, 219
132, 219
140, 219
148, 219
156, 219
164, 219
172, 219
180, 219
188, 219
196, 219
204, 219
212, 219
220, 219
228, 219
236, 219
244, 219
252, 219
260, 219
268, 219
276, 219
284, 219
292, 219
300, 219
308, 219
316, 219
324, 219
332, 219
340, 219
348, 219
356, 219
364, 219
372, 219
380, 219
388, 219
396, 219
404, 219
412, 219
420, 219
428, 219
436, 219
444, 219
452, 219
460, 219
468, 219
476, 219
484, 219
492, 219
500, 219
508, 219
516, 219
524, 219
532, 219
540, 219
548, 219
556, 219
564, 219
572, 219
580, 219
588, 219
596, 219
604, 219
612, 219
620, 219
628, 219
636, 219
644, 219
652, 219
660, 219
668, 219
676, 219
684, 219
692, 219
700, 219
708, 219
716, 219
724, 219
732, 219
740, 219
748, 219
756, 219
764, 219
772, 219
780, 219
788, 219
796, 219
4, 225
12, 225
20, 225
28, 225
36, 225
44, 225
52, 225
60, 225
68, 225
76, 225
84, 225
92, 225
100, 225
108, 225
116, 225
124, 225
132, 225
140, 225
148, 225
156, 225
164, 225
172, 225
180, 225
188, 225
196, 225
204, 225
212, 225
220, 225
228, 225
236, 225
244, 225
252, 225
260, 225
268, 225
276, 225
284, 225
292, 225
300, 225
308, 225
316, 225
324, 225
332, 225
340, 225
348, 225
356, 225
364, 225
372, 225
380, 225
388, 225
396, 225
404, 225
412, 225
420, 225
428, 225
436, 225
444, 225
452, 225
460, 225
468, 225
476, 225
484, 225
492, 225
500, 225
508, 225
516, 225
524, 225
532, 225
540, 225
548, 225
556, 225
564, 225
572, 225
580, 225
588, 225
596, 225
604, 225
612, 225
620, 225
628, 225
636, 225
644, 225
652, 225
660, 225
668, 225
676, 225
684, 225
692, 225
700, 225
708, 225
716, 225
724, 225
732, 225
740, 225
748, 225
756, 225
764, 225
772, 225
780, 225
788, 225
796, 225
4, 231
12, 231
20, 231
28, 231
36, 231
44, 231
52, 231
60, 231
68, 231
76, 231
84, 231
92, 231
100, 231
108, 231
116, 231
124, 231
132, 231
140, 231
148, 231
156, 231
164, 231
172, 231
180, 231
188, 231
196, 231
204, 231
212, 231
220, 231
228, 231
236, 231
244, 231
252, 231
260, 231
268, 231
276, 231
284, 231
292, 231
300, 231
308, 231
316, 231
324, 231
332, 231
340, 231
348, 231
356, 231
364, 231
372, 231
380, 231
388, 231
396, 231
404, 231
412, 231
420, 231
428, 231
436, 231
444, 231
452, 231
460, 231
468, 231
476, 231
484, 231
492, 231
500, 231
508, 231
516, 231
524, 231
532, 231
540, 231
548, 231
556, 231
564, 231
572, 231
580, 231
588, 231
596, 231
604, 231
612, 231
620, 231
628, 231
636, 231
644, 231
652, 231
660, 231
668, 231
676, 231
684, 231
692, 231
700, 231
708, 231
716, 231
724, 231
732, 231
740, 231
748, 231
756, 231
764, 231
772, 231
780, 231
788, 231
796, 231
4, 237
12, 237
20, 237
28, 237
36, 237
44, 237
52, 237
60, 237
68, 237
76, 237
84, 237
92, 237
100, 237
108, 237
116, 237
124, 237
132, 237
140, 237
148, 237
156, 237
164, 237
172, 237
180, 237
188, 237
196, 237
204, 237
212, 237
220, 237
228, 237
236, 237
244, 237
252, 237
260, 237
268, 237
276, 237
284, 237
292, 237
300, 237
308, 237
316, 237
324, 237
332, 237
340, 237
348, 237
356, 237
364, 237
372, 237
380, 237
388, 237
396, 237
404, 237
412, 237
420, 237
428, 237
436, 237
444, 237
452, 237
460, 237
468, 237
476, 237
484, 237
492, 237
500, 237
508, 237
516, 237
524, 237
532, 237
540, 237
548, 237
556, 237
564, 237
572, 237
580, 237
588, 237
596, 237
604, 237
612, 237
620, 237
628, 237
636, 237
644, 237
652, 237
660, 237
668, 237
676, 237
684, 237
692, 237
700, 237
708, 237
716, 237
724, 237
732, 237
740, 237
748, 237
756, 237
764, 237
772, 237
780, 237
788, 237
796, 237
4, 243
12, 243
20, 243
28, 243
36, 243
44, 243
52, 243
60, 243
68, 243
76, 243
84, 243
92, 243
100, 243
108, 243
116, 243
124, 243
132, 243
140, 243
148, 243
156, 243
164, 243
172, 243
180, 243
188, 243
196, 243
204, 243
212, 243
220, 243
228, 243
236, 243
244, 243
252, 243
260, 243
268, 243
276, 243
284, 243
292, 243
300, 243
308, 243
316, 243
324, 243
332, 243
340, 243
348, 243
356, 243
364, 243
372, 243
380, 243
388, 243
396, 243
404, 243
412, 243
420, 243
428, 243
436, 243
444, 243
452, 243
460, 243
468, 243
476, 243
484, 243
492, 243
500, 243
508, 243
516, 243
524, 243
532, 243
540, 243
548, 243
556, 243
564, 243
572, 243
580, 243
588, 243
596, 243
604, 243
612, 243
620, 243
628, 243
636, 243
644, 243
652, 243
660, 243
668, 243
676, 243
684, 243
692, 243
700, 243
708, 243
716, 243
724, 243
732, 243
740, 243
748, 243
756, 243
764, 243
772, 243
780, 243
788, 243
796, 243
4, 249
12, 249
20, 249
28, 249
36, 249
44, 249
52, 249
60, 249
68, 249
76, 249
84, 249
92, 249
100, 249
108, 249
116, 249
124, 249
132, 249
140, 249
148, 249
156, 249
164, 249
172, 249
180, 249
188, 249
196, 249
204, 249
212, 249
220, 249
228, 249
236, 249
244, 249
252, 249
260, 249
268, 249
276, 249
284, 249
292, 249
300, 249
308, 249
316, 249
324, 249
332, 249
340, 249
348, 249
356, 249
364, 249
372, 249
380, 249
388, 249
396, 249
404, 249
412, 249
420, 249
428, 249
436, 249
444, 249
452, 249
460, 249
468, 249
476, 249
484, 249
492, 249
500, 249
508, 249
516, 249
524, 249
532, 249
540, 249
548, 249
556, 249
564, 249
572, 249
580, 249
588, 249
596, 249
604, 249
612, 249
620, 249
628, 249
636, 249
644, 249
652, 249
660, 249
668, 249
676, 249
684, 249
692, 249
700, 249
708, 249
716, 249
724, 249
732, 249
740, 249
748, 249
756, 249
764, 249
772, 249
780, 249
788, 249
796, 249
4, 255
12, 255
20, 255
28, 255
36, 255
44, 255
52, 255
60, 255
68, 255
76, 255
84, 255
92, 255
100, 255
108, 255
116, 255
124, 255
132, 255
140, 255
148, 255
156, 255
164, 255
172, 255
180, 255
188, 255
196, 255
204, 255
212, 255
220, 255
228, 255
236, 255
244, 255
252, 255
260, 255
268, 255
276, 255
284, 255
292, 255
300, 255
308, 255
316, 255
324, 255
332, 255
340, 255
348, 255
356, 255
364, 255
372, 255
380, 255
388, 255
396, 255
404, 255
412, 255
420, 255
428, 255
436, 255
444, 255
452, 255
460, 255
468, 255
476, 255
484, 255
492, 255
500, 255
508, 255
516, 255
524, 255
532, 255
540, 255
548, 255
556, 255
564, 255
572, 255
580, 255
588, 255
596, 255
604, 255
612, 255
620, 255
628, 255
636, 255
644, 255
652, 255
660, 255
668, 255
676, 255
684, 255
692, 255
700, 255
708, 255
716, 255
724, 255
732, 255
740, 255
748, 255
756, 255
764, 255
772, 255
780, 255
788, 255
796, 255
4, 261
12, 261
20, 261
28, 261
36, 261
44, 261
52, 261
60, 261
68, 261
76, 261
84, 261
92, 261
100, 261
108, 261
116, 261
124, 261
132, 261
140, 261
148, 261
156, 261
164, 261
172, 261
180, 261
188, 261
196, 261
204, 261
212, 261
220, 261
228, 261
236, 261
244, 261
252, 261
260, 261
268, 261
276, 261
284, 261
292, 261
300, 261
308, 261
316, 261
324, 261
332, 261
340, 261
348, 261
356, 261
364, 261
372, 261
380, 261
388, 261
396, 261
404, 261
412, 261
420, 261
428, 261
436, 261
444, 261
452, 261
460, 261
468, 261
476, 261
484, 261
492, 261
500, 261
508, 261
516, 261
524, 261
532, 261
540, 261
548, 261
556, 261
564, 261
572, 261
580, 261
588, 261
596, 261
604, 261
612, 261
620, 261
628, 261
636, 261
644, 261
652, 261
660, 261
668, 261
676, 261
684, 261
692, 261
700, 261
708, 261
716, 261
724, 261
732, 261
740, 261
748, 261
756, 261
764, 261
772, 261
780, 261
788, 261
796, 261
4, 267
12, 267
20, 267
28, 267
36, 267
44, 267
52, 267
60, 267
68, 267
76, 267
84, 267
92, 267
100, 267
108, 267
116, 267
124, 267
132, 267
140, 267
148, 267
156, 267
164, 267
172, 267
180, 267
188, 267
196, 267
204, 267
212, 267
220, 267
228, 267
236, 267
244, 267
252, 267
260, 267
268, 267
276, 267
284, 267
292, 267
300, 267
308, 267
316, 267
324, 267
332, 267
340, 267
348, 267
356, 267
364, 267
372, 267
380, 267
388, 267
396, 267
404, 267
412, 267
420, 267
428, 267
436, 267
444, 267
452, 267
460, 267
468, 267
476, 267
484, 267
492, 267
500, 267
508, 267
516, 267
524, 267
532, 267
540, 267
548, 267
556, 267
564, 267
572, 267
580, 267
588, 267
596, 267
604, 267
612, 267
620, 267
628, 267
636, 267
644, 267
652, 267
660, 267
668, 267
676, 267
684, 267
692, 267
700, 267
708, 267
716, 267
724, 267
732, 267
740, 267
748, 267
756, 267
764, 267
772, 267
780, 267
788, 267
796, 267
4, 273
12, 273
20, 273
28, 273
36, 273
44, 273
52, 273
60, 273
68, 273
76, 273
84, 273
92, 273
100, 273
108, 273
116, 273
124, 273
132, 273
140, 273
148, 273
156, 273
164, 273
172, 273
180, 273
188, 273
196, 273
204, 273
212, 273
220, 273
228, 273
236, 273
244, 273
252, 273
260, 273
268, 273
276, 273
284, 273
292, 273
300, 273
308, 273
316, 273
324, 273
332, 273
340, 273
348, 273
356, 273
364, 273
372, 273
380, 273
388, 273
396, 273
404, 273
412, 273
420, 273
428, 273
436, 273
444, 273
452, 273
460, 273
468, 273
476, 273
484, 273
492, 273
500, 273
508, 273
516, 273
524, 273
532, 273
540, 273
548, 273
556, 273
564, 273
572, 273
580, 273
588, 273
596, 273
604, 273
612, 273
620, 273
628, 273
636, 273
644, 273
652, 273
660, 273
668, 273
676, 273
684, 273
692, 273
700, 273
708, 273
716, 273
724, 273
732, 273
740, 273
748, 273
756, 273
764, 273
772, 273
780, 273
788, 273
796, 273
4, 279
12, 279
20, 279
28, 279
36, 279
44, 279
52, 279
60, 279
68, 279
76, 279
84, 279
92, 279
100, 279
108, 279
116, 279
124, 279
132, 279
140, 279
148, 279
156, 279
164, 279
172, 279
180, 279
188, 279
196, 279
204, 279
212, 279
220, 279
228, 279
236, 279
244, 279
252, 279
260, 279
268, 279
276, 279
284, 279
292, 279
300, 279
308, 279
316, 279
324, 279
332, 279
340, 279
348, 279
356, 279
364, 279
372, 279
380, 279
388, 279
396, 279
404, 279
412, 279
420, 279
428, 279
436, 279
444, 279
452, 279
460, 279
468, 279
476, 279
484, 279
492, 279
500, 279
508, 279
516, 279
524, 279
532, 279
540, 279
548, 279
556, 279
564, 279
572, 279
580, 279
588, 279
596, 279
604, 279
612, 279
620, 279
628, 279
636, 279
644, 279
652, 279
660, 279
668, 279
676, 279
684, 279
692, 279
700, 279
708, 279
716, 279
724, 279
732, 279
740, 279
748, 279
756, 279
764, 279
772, 279
780, 279
788, 279
796, 279
4, 285
12, 285
20, 285
28, 285
36, 285
44, 285
52, 285
60, 285
68, 285
76, 285
84, 285
92, 285
100, 285
108, 285
116, 285
124, 285
132, 285
140, 285
148, 285
156, 285
164, 285
172, 285
180, 285
188, 285
196, 285
204, 285
212, 285
220, 285
228, 285
236, 285
244, 285
252, 285
260, 285
268, 285
276, 285
284, 285
292, 285
300, 285
308, 285
316, 285
324, 285
332, 285
340, 285
348, 285
356, 285
364, 285
372, 285
380, 285
388, 285
396, 285
404, 285
412, 285
420, 285
428, 285
436, 285
444, 285
452, 285
460, 285
468, 285
476, 285
484, 285
492, 285
500, 285
508, 285
516, 285
524, 285
532, 285
540, 285
548, 285
556, 285
564, 285
572, 285
580, 285
588, 285
596, 285
604, 285
612, 285
620, 285
628, 285
636, 285
644, 285
652, 285
660, 285
668, 285
676, 285
684, 285
692, 285
700, 285
708, 285
716, 285
724, 285
732, 285
740, 285
748, 285
756, 285
764, 285
772, 285
780, 285
788, 285
796, 285
4, 291
12, 291
20, 291
28, 291
36, 291
44, 291
52, 291
60, 291
68, 291
76, 291
84, 291
92, 291
100, 291
108, 291
116, 291
124, 291
132, 291
140, 291
148, 291
156, 291
164, 291
172, 291
180, 291
188, 291
196, 291
204, 291
212, 291
220, 291
228, 291
236, 291
244, 291
252, 291
260, 291
268, 291
276, 291
284, 291
292, 291
300, 291
308, 291
316, 291
324, 291
332, 291
340, 291
348, 291
356, 291
364, 291
372, 291
380, 291
388, 291
396, 291
404, 291
412, 291
420, 291
428, 291
436, 291
444, 291
452, 291
460, 291
468, 291
476, 291
484, 291
492, 291
500, 291
508, 291
516, 291
524, 291
532, 291
540, 291
548, 291
556, 291
564, 291
572, 291
580, 291
588, 291
596, 291
604, 291
612, 291
620, 291
628, 291
636, 291
644, 291
652, 291
660, 291
668, 291
676, 291
684, 291
692, 291
700, 291
708, 291
716, 291
724, 291
732, 291
740, 291
748, 291
756, 291
764, 291
772, 291
780, 291
788, 291
796, 291
4, 297
12, 297
20, 297
28, 297
36, 297
44, 297
52, 297
60, 297
68, 297
76, 297
84, 297
92, 297
100, 297
108, 297
116, 297
124, 297
132, 297
140, 297
148, 297
156, 297
164, 297
172, 297
180, 297
188, 297
196, 297
204, 297
212, 297
220, 297
228, 297
236, 297
244, 297
252, 297
260, 297
268, 297
276, 297
284, 297
292, 297
300, 297
308, 297
316, 297
324, 297
332, 297
340, 297
348, 297
356, 297
364, 297
372, 297
380, 297
388, 297
396, 297
404, 297
412, 297
420, 297
428, 297
436, 297
444, 297
452, 297
460, 297
468, 297
476, 297
484, 297
492, 297
500, 297
508, 297
516, 297
524, 297
532, 297
540, 297
548, 297
556, 297
564, 297
572, 297
580, 297
588, 297
596, 297
604, 297
612, 297
620, 297
628, 297
636, 297
644, 297
652, 297
660, 297
668, 297
676, 297
684, 297
692, 297
700, 297
708, 297
716, 297
724, 297
732, 297
740, 297
748, 297
756, 297
764, 297
772, 297
780, 297
788, 297
796, 297
4, 303
12, 303
20, 303
28, 303
36, 303
44, 303
52, 303
60, 303
68, 303
76, 303
84, 303
92, 303
100, 303
108, 303
116, 303
124, 303
132, 303
140, 303
148, 303
156, 303
164, 303
172, 303
180, 303
188, 303
196, 303
204, 303
212, 303
220, 303
228, 303
236, 303
244, 303
252, 303
260, 303
268, 303
276, 303
284, 303
292, 303
300, 303
308, 303
316, 303
324, 303
332, 303
340, 303
348, 303
356, 303
364, 303
372, 303
380, 303
388, 303
396, 303
404, 303
412, 303
420, 303
428, 303
436, 303
444, 303
452, 303
460, 303
468, 303
476, 303
484, 303
492, 303
500, 303
508, 303
516, 303
524, 303
532, 303
540, 303
548, 303
556, 303
564, 303
572, 303
580, 303
588, 303
596, 303
604, 303
612, 303
620, 303
628, 303
636, 303
644, 303
652, 303
660, 303
668, 303
676, 303
684, 303
692, 303
700, 303
708, 303
716, 303
724, 303
732, 303
740, 303
748, 303
756, 303
764, 303
772, 303
780, 303
788, 303
796, 303
4, 309
12, 309
20, 309
28, 309
36, 309
44, 309
52, 309
60, 309
68, 309
76, 309
84, 309
92, 309
100, 309
108, 309
116, 309
124, 309
132, 309
140, 309
148, 309
156, 309
164, 309
172, 309
180, 309
188, 309
196, 309
204, 309
212, 309
220, 309
228, 309
236, 309
244, 309
252, 309
260, 309
268, 309
276, 309
284, 309
292, 309
300, 309
308, 309
316, 309
324, 309
332, 309
340, 309
348, 309
356, 309
364, 309
372, 309
380, 309
388, 309
396, 309
404, 309
412, 309
420, 309
428, 309
436, 309
444, 309
452, 309
460, 309
468, 309
476, 309
484, 309
492, 309
500, 309
508, 309
516, 309
524, 309
532, 309
540, 309
548, 309
556, 309
564, 309
572, 309
580, 309
588, 309
596, 309
604, 309
612, 309
620, 309
628, 309
636, 309
644, 309
652, 309
660, 309
668, 309
676, 309
684, 309
692, 309
700, 309
708, 309
716, 309
724, 309
732, 309
740, 309
748, 309
756, 309
764, 309
772, 309
780, 309
788, 309
796, 309
4, 315
12, 315
20, 315
28, 315
36, 315
44, 315
52, 315
60, 315
68, 315
76, 315
84, 315
92, 315
100, 315
108, 315
116, 315
124, 315
132, 315
140, 315
148, 315
156, 315
164, 315
172, 315
180, 315
188, 315
196, 315
204, 315
212, 315
220, 315
228, 315
236, 315
244, 315
252, 315
260, 315
268, 315
276, 315
284, 315
292, 315
300, 315
308, 315
316, 315
324, 315
332, 315
340, 315
348, 315
356, 315
364, 315
372, 315
380, 315
388, 315
396, 315
404, 315
412, 315
420, 315
428, 315
436, 315
444, 315
452, 315
460, 315
468, 315
476, 315
484, 315
492, 315
500, 315
508, 315
516, 315
524, 315
532, 315
540, 315
548, 315
556, 315
564, 315
572, 315
580, 315
588, 315
596, 315
604, 315
612, 315
620, 315
628, 315
636, 315
644, 315
652, 315
660, 315
668, 315
676, 315
684, 315
692, 315
700, 315
708, 315
716, 315
724, 315
732, 315
740, 315
748, 315
756, 315
764, 315
772, 315
780, 315
788, 315
796, 315
4, 321
12, 321
20, 321
28, 321
36, 321
44, 321
52, 321
60, 321
68, 321
76, 321
84, 321
92, 321
100, 321
108, 321
116, 321
124, 321
132, 321
140, 321
148, 321
156, 321
164, 321
172, 321
180, 321
188, 321
196, 321
204, 321
212, 321
220, 321
228, 321
236, 321
244, 321
252, 321
260, 321
268, 321
276, 321
284, 321
292, 321
300, 321
308, 321
316, 321
324, 321
332, 321
340, 321
348, 321
356, 321
364, 321
372, 321
380, 321
388, 321
396, 321
404, 321
412, 321
420, 321
428, 321
436, 321
444, 321
452, 321
460, 321
468, 321
476, 321
484, 321
492, 321
500, 321
508, 321
516, 321
524, 321
532, 321
540, 321
548, 321
556, 321
564, 321
572, 321
580, 321
588, 321
596, 321
604, 321
612, 321
620, 321
628, 321
636, 321
644, 321
652, 321
660, 321
668, 321
676, 321
684, 321
692, 321
700, 321
708, 321
716, 321
724, 321
732, 321
740, 321
748, 321
756, 321
764, 321
772, 321
780, 321
788, 321
796, 321
4, 327
12, 327
20, 327
28, 327
36, 327
44, 327
52, 327
60, 327
68, 327
76, 327
84, 327
92, 327
100, 327
108, 327
116, 327
124, 327
132, 327
140, 327
148, 327
156, 327
164, 327
172, 327
180, 327
188, 327
196, 327
204, 327
212, 327
220, 327
228, 327
236, 327
244, 327
252, 327
260, 327
268, 327
276, 327
284, 327
292, 327
300, 327
308, 327
316, 327
324, 327
332, 327
340, 327
348, 327
356, 327
364, 327
372, 327
380, 327
388, 327
396, 327
404, 327
412, 327
420, 327
428, 327
436, 327
444, 327
452, 327
460, 327
468, 327
476, 327
484, 327
492, 327
500, 327
508, 327
516, 327
524, 327
532, 327
540, 327
548, 327
556, 327
564, 327
572, 327
580, 327
588, 327
596, 327
604, 327
612, 327
620, 327
628, 327
636, 327
644, 327
652, 327
660, 327
668, 327
676, 327
684, 327
692, 327
700, 327
708, 327
716, 327
724, 327
732, 327
740, 327
748, 327
756, 327
764, 327
772, 327
780, 327
788, 327
796, 327
4, 333
12, 333
20, 333
28, 333
36, 333
44, 333
52, 333
60, 333
68, 333
76, 333
84, 333
92, 333
100, 333
108, 333
116, 333
124, 333
132, 333
140, 333
148, 333
156, 333
164, 333
172, 333
180, 333
188, 333
196, 333
204, 333
212, 333
220, 333
228, 333
236, 333
244, 333
252, 333
260, 333
268, 333
276, 333
284, 333
292, 333
300, 333
308, 333
316, 333
324, 333
332, 333
340, 333
348, 333
356, 333
364, 333
372, 333
380, 333
388, 333
396, 333
404, 333
412, 333
420, 333
428, 333
436, 333
444, 333
452, 333
460, 333
468, 333
476, 333
484, 333
492, 333
500, 333
508, 333
516, 333
524, 333
532, 333
540, 333
548, 333
556, 333
564, 333
572, 333
580, 333
588, 333
596, 333
604, 333
612, 333
620, 333
628, 333
636, 333
644, 333
652, 333
660, 333
668, 333
676, 333
684, 333
692, 333
700, 333
708, 333
716, 333
724, 333
732, 333
740, 333
748, 333
756, 333
764, 333
772, 333
780, 333
788, 333
796, 333
4, 339
12, 339
20, 339
28, 339
36, 339
44, 339
52, 339
60, 339
68, 339
76, 339
84, 339
92, 339
100, 339
108, 339
116, 339
124, 339
132, 339
140, 339
148, 339
156, 339
164, 339
172, 339
180, 339
188, 339
196, 339
204, 339
212, 339
220, 339
228, 339
236, 339
244, 339
252, 339
260, 339
268, 339
276, 339
284, 339
292, 339
300, 339
308, 339
316, 339
324, 339
332, 339
340, 339
348, 339
356, 339
364, 339
372, 339
380, 339
388, 339
396, 339
404, 339
412, 339
420, 339
428, 339
436, 339
444, 339
452, 339
460, 339
468, 339
476, 339
484, 339
492, 339
500, 339
508, 339
516, 339
524, 339
532, 339
540, 339
548, 339
556, 339
564, 339
572, 339
580, 339
588, 339
596, 339
604, 339
612, 339
620, 339
628, 339
636, 339
644, 339
652, 339
660, 339
668, 339
676, 339
684, 339
692, 339
700, 339
708, 339
716, 339
724, 339
732, 339
740, 339
748, 339
756, 339
764, 339
772, 339
780, 339
788, 339
796, 339
4, 345
12, 345
20, 345
28, 345
36, 345
44, 345
52, 345
60, 345
68, 345
76, 345
84, 345
92, 345
100, 345
108, 345
116, 345
124, 345
132, 345
140, 345
148, 345
156, 345
164, 345
172, 345
180, 345
188, 345
196, 345
204, 345
212, 345
220, 345
228, 345
236, 345
244, 345
252, 345
260, 345
268, 345
276, 345
284, 345
292, 345
300, 345
308, 345
316, 345
324, 345
332, 345
340, 345
348, 345
356, 345
364, 345
372, 345
380, 345
388, 345
396, 345
404, 345
412, 345
420, 345
428, 345
436, 345
444, 345
452, 345
460, 345
468, 345
476, 345
484, 345
492, 345
500, 345
508, 345
516, 345
524, 345
532, 345
540, 345
548, 345
556, 345
564, 345
572, 345
580, 345
588, 345
596, 345
604, 345
612, 345
620, 345
628, 345
636, 345
644, 345
652, 345
660, 345
668, 345
676, 345
684, 345
692, 345
700, 345
708, 345
716, 345
724, 345
732, 345
740, 345
748, 345
756, 345
764, 345
772, 345
780, 345
788, 345
796, 345
4, 351
12, 351
20, 351
28, 351
36, 351
44, 351
52, 351
60, 351
68, 351
76, 351
84, 351
92, 351
100, 351
108, 351
116, 351
124, 351
132, 351
140, 351
148, 351
156, 351
164, 351
172, 351
180, 351
188, 351
196, 351
204, 351
212, 351
220, 351
228, 351
236, 351
244, 351
252, 351
260, 351
268, 351
276, 351
284, 351
292, 351
300, 351
308, 351
316, 351
324, 351
332, 351
340, 351
348, 351
356, 351
364, 351
372, 351
380, 351
388, 351
396, 351
404, 351
412, 351
420, 351
428, 351
436, 351
444, 351
452, 351
460, 351
468, 351
476, 351
484, 351
492, 351
500, 351
508, 351
516, 351
524, 351
532, 351
540, 351
548, 351
556, 351
564, 351
572, 351
580, 351
588, 351
596, 351
604, 351
612, 351
620, 351
628, 351
636, 351
644, 351
652, 351
660, 351
668, 351
676, 351
684, 351
692, 351
700, 351
708, 351
716, 351
724, 351
732, 351
740, 351
748, 351
756, 351
764, 351
772, 351
780, 351
788, 351
796, 351
4, 357
12, 357
20, 357
28, 357
36, 357
44, 357
52, 357
60, 357
68, 357
76, 357
84, 357
92, 357
100, 357
108, 357
116, 357
124, 357
132, 357
140, 357
148, 357
156, 357
164, 357
172, 357
180, 357
188, 357
196, 357
204, 357
212, 357
220, 357
228, 357
236, 357
244, 357
252, 357
260, 357
268, 357
276, 357
284, 357
292, 357
300, 357
308, 357
316, 357
324, 357
332, 357
340, 357
348, 357
356, 357
364, 357
372, 357
380, 357
388, 357
396, 357
404, 357
412, 357
420, 357
428, 357
436, 357
444, 357
452, 357
460, 357
468, 357
476, 357
484, 357
492, 357
500, 357
508, 357
516, 357
524, 357
532, 357
540, 357
548, 357
556, 357
564, 357
572, 357
580, 357
588, 357
596, 357
604, 357
612, 357
620, 357
628, 357
636, 357
644, 357
652, 357
660, 357
668, 357
676, 357
684, 357
692, 357
700, 357
708, 357
716, 357
724, 357
732, 357
740, 357
748, 357
756, 357
764, 357
772, 357
780, 357
788, 357
796, 357
4, 363
12, 363
20, 363
28, 363
36, 363
44, 363
52, 363
60, 363
68, 363
76, 363
84, 363
92, 363
100, 363
108, 363
116, 363
124, 363
132, 363
140, 363
148, 363
156, 363
164, 363
172, 363
180, 363
188, 363
196, 363
204, 363
212, 363
220, 363
228, 363
236, 363
244, 363
252, 363
260, 363
268, 363
276, 363
284, 363
292, 363
300, 363
308, 363
316, 363
324, 363
332, 363
340, 363
348, 363
356, 363
364, 363
372, 363
380, 363
388, 363
396, 363
404, 363
412, 363
420, 363
428, 363
436, 363
444, 363
452, 363
460, 363
468, 363
476, 363
484, 363
492, 363
500, 363
508, 363
516, 363
524, 363
532, 363
540, 363
548, 363
556, 363
564, 363
572, 363
580, 363
588, 363
596, 363
604, 363
612, 363
620, 363
628, 363
636, 363
644, 363
652, 363
660, 363
668, 363
676, 363
684, 363
692, 363
700, 363
708, 363
716, 363
724, 363
732, 363
740, 363
748, 363
756, 363
764, 363
772, 363
780, 363
788, 363
796, 363
4, 369
12, 369
20, 369
28, 369
36, 369
44, 369
52, 369
60, 369
68, 369
76, 369
84, 369
92, 369
100, 369
108, 369
116, 369
124, 369
132, 369
140, 369
148, 369
156, 369
164, 369
172, 369
180, 369
188, 369
196, 369
204, 369
212, 369
220, 369
228, 369
236, 369
244, 369
252, 369
260, 369
268, 369
276, 369
284, 369
292, 369
300, 369
308, 369
316, 369
324, 369
332, 369
340, 369
348, 369
356, 369
364, 369
372, 369
380, 369
388, 369
396, 369
404, 369
412, 369
420, 369
428, 369
436, 369
444, 369
452, 369
460, 369
468, 369
476, 369
484, 369
492, 369
500, 369
508, 369
516, 369
524, 369
532, 369
540, 369
548, 369
556, 369
564, 369
572, 369
580, 369
588, 369
596, 369
604, 369
612, 369
620, 369
628, 369
636, 369
644, 369
652, 369
660, 369
668, 369
676, 369
684, 369
692, 369
700, 369
708, 369
716, 369
724, 369
732, 369
740, 369
748, 369
756, 369
764, 369
772, 369
780, 369
788, 369
796, 369
4, 375
12, 375
20, 375
28, 375
36, 375
44, 375
52, 375
60, 375
68, 375
76, 375
84, 375
92, 375
100, 375
108, 375
116, 375
124, 375
132, 375
140, 375
148, 375
156, 375
164, 375
172, 375
180, 375
188, 375
196, 375
204, 375
212, 375
220, 375
228, 375
236, 375
244, 375
252, 375
260, 375
268, 375
276, 375
284, 375
292, 375
300, 375
308, 375
316, 375
324, 375
332, 375
340, 375
348, 375
356, 375
364, 375
372, 375
380, 375
388, 375
396, 375
404, 375
412, 375
420, 375
428, 375
436, 375
444, 375
452, 375
460, 375
468, 375
476, 375
484, 375
492, 375
500, 375
508, 375
516, 375
524, 375
532, 375
540, 375
548, 375
556, 375
564, 375
572, 375
580, 375
588, 375
596, 375
604, 375
612, 375
620, 375
628, 375
636, 375
644, 375
652, 375
660, 375
668, 375
676, 375
684, 375
692, 375
700, 375
708, 375
716, 375
724, 375
732, 375
740, 375
748, 375
756, 375
764, 375
772, 375
780, 375
788, 375
796, 375
4, 381
12, 381
20, 381
28, 381
36, 381
44, 381
52, 381
60, 381
68, 381
76, 381
84, 381
92, 381
100, 381
108, 381
116, 381
124, 381
132, 381
140, 381
148, 381
156, 381
164, 381
172, 381
180, 381
188, 381
196, 381
204, 381
212, 381
220, 381
228, 381
236, 381
244, 381
252, 381
260, 381
268, 381
276, 381
284, 381
292, 381
300, 381
308, 381
316, 381
324, 381
332, 381
340, 381
348, 381
356, 381
364, 381
372, 381
380, 381
388, 381
396, 381
404, 381
412, 381
420, 381
428, 381
436, 381
444, 381
452, 381
460, 381
468, 381
476, 381
484, 381
492, 381
500, 381
508, 381
516, 381
524, 381
532, 381
540, 381
548, 381
556, 381
564, 381
572, 381
580, 381
588, 381
596, 381
604, 381
612, 381
620, 381
628, 381
636, 381
644, 381
652, 381
660, 381
668, 381
676, 381
684, 381
692, 381
700, 381
708, 381
716, 381
724, 381
732, 381
740, 381
748, 381
756, 381
764, 381
772, 381
780, 381
788, 381
796, 381
4, 387
12, 387
20, 387
28, 387
36, 387
44, 387
52, 387
60, 387
68, 387
76, 387
84, 387
92, 387
100, 387
108, 387
116, 387
124, 387
132, 387
140, 387
148, 387
156, 387
164, 387
172, 387
180, 387
188, 387
196, 387
204, 387
212, 387
220, 387
228, 387
236, 387
244, 387
252, 387
260, 387
268, 387
276, 387
284, 387
292, 387
300, 387
308, 387
316, 387
324, 387
332, 387
340, 387
348, 387
356, 387
364, 387
372, 387
380, 387
388, 387
396, 387
404, 387
412, 387
420, 387
428, 387
436, 387
444, 387
452, 387
460, 387
468, 387
476, 387
484, 387
492, 387
500, 387
508, 387
516, 387
524, 387
532, 387
540, 387
548, 387
556, 387
564, 387
572, 387
580, 387
588, 387
596, 387
604, 387
612, 387
620, 387
628, 387
636, 387
644, 387
652, 387
660, 387
668, 387
676, 387
684, 387
692, 387
700, 387
708, 387
716, 387
724, 387
732, 387
740, 387
748, 387
756, 387
764, 387
772, 387
780, 387
788, 387
796, 387
4, 393
12, 393
20, 393
28, 393
36, 393
44, 393
52, 393
60, 393
68, 393
76, 393
84, 393
92, 393
100, 393
108, 393
116, 393
124, 393
132, 393
140, 393
148, 393
156, 393
164, 393
172, 393
180, 393
188, 393
196, 393
204, 393
212, 393
220, 393
228, 393
236, 393
244, 393
252, 393
260, 393
268, 393
276, 393
284, 393
292, 393
300, 393
308, 393
316, 393
324, 393
332, 393
340, 393
348, 393
356, 393
364, 393
372, 393
380, 393
388, 393
396, 393
404, 393
412, 393
420, 393
428, 393
436, 393
444, 393
452, 393
460, 393
468, 393
476, 393
484, 393
492, 393
500, 393
508, 393
516, 393
524, 393
532, 393
540, 393
548, 393
556, 393
564, 393
572, 393
580, 393
588, 393
596, 393
604, 393
612, 393
620, 393
628, 393
636, 393
644, 393
652, 393
660, 393
668, 393
676, 393
684, 393
692, 393
700, 393
708, 393
716, 393
724, 393
732, 393
740, 393
748, 393
756, 393
764, 393
772, 393
780, 393
788, 393
796, 393
4, 399
12, 399
20, 399
28, 399
36, 399
44, 399
52, 399
60, 399
68, 399
76, 399
84, 399
92, 399
100, 399
108, 399
116, 399
124, 399
132, 399
140, 399
148, 399
156, 399
164, 399
172, 399
180, 399
188, 399
196, 399
204, 399
212, 399
220, 399
228, 399
236, 399
244, 399
252, 399
260, 399
268, 399
276, 399
284, 399
292, 399
300, 399
308, 399
316, 399
324, 399
332, 399
340, 399
348, 399
356, 399
364, 399
372, 399
380, 399
388, 399
396, 399
404, 399
412, 399
420, 399
428, 399
436, 399
444, 399
452, 399
460, 399
468, 399
476, 399
484, 399
492, 399
500, 399
508, 399
516, 399
524, 399
532, 399
540, 399
548, 399
556, 399
564, 399
572, 399
580, 399
588, 399
596, 399
604, 399
612, 399
620, 399
628, 399
636, 399
644, 399
652, 399
660, 399
668, 399
676, 399
684, 399
692, 399
700, 399
708, 399
716, 399
724, 399
732, 399
740, 399
748, 399
756, 399
764, 399
772, 399
780, 399
788, 399
796, 399
4, 405
12, 405
20, 405
28, 405
36, 405
44, 405
52, 405
60, 405
68, 405
76, 405
84, 405
92, 405
100, 405
108, 405
116, 405
124, 405
132, 405
140, 405
148, 405
156, 405
164, 405
172, 405
180, 405
188, 405
196, 405
204, 405
212, 405
220, 405
228, 405
236, 405
244, 405
252, 405
260, 405
268, 405
276, 405
284, 405
292, 405
300, 405
308, 405
316, 405
324, 405
332, 405
340, 405
348, 405
356, 405
364, 405
372, 405
380, 405
388, 405
396, 405
404, 405
412, 405
420, 405
428, 405
436, 405
444, 405
452, 405
460, 405
468, 405
476, 405
484, 405
492, 405
500, 405
508, 405
516, 405
524, 405
532, 405
540, 405
548, 405
556, 405
564, 405
572, 405
580, 405
588, 405
596, 405
604, 405
612, 405
620, 405
628, 405
636, 405
644, 405
652, 405
660, 405
668, 405
676, 405
684, 405
692, 405
700, 405
708, 405
716, 405
724, 405
732, 405
740, 405
748, 405
756, 405
764, 405
772, 405
780, 405
788, 405
796, 405
4, 411
12, 411
20, 411
28, 411
36, 411
44, 411
52, 411
60, 411
68, 411
76, 411
84, 411
92, 411
100, 411
108, 411
116, 411
124, 411
132, 411
140, 411
148, 411
156, 411
164, 411
172, 411
180, 411
188, 411
196, 411
204, 411
212, 411
220, 411
228, 411
236, 411
244, 411
252, 411
260, 411
268, 411
276, 411
284, 411
292, 411
300, 411
308, 411
316, 411
324, 411
332, 411
340, 411
348, 411
356, 411
364, 411
372, 411
380, 411
388, 411
396, 411
404, 411
412, 411
420, 411
428, 411
436, 411
444, 411
452, 411
460, 411
468, 411
476, 411
484, 411
492, 411
500, 411
508, 411
516, 411
524, 411
532, 411
540, 411
548, 411
556, 411
564, 411
572, 411
580, 411
588, 411
596, 411
604, 411
612, 411
620, 411
628, 411
636, 411
644, 411
652, 411
660, 411
668, 411
676, 411
684, 411
692, 411
700, 411
708, 411
716, 411
724, 411
732, 411
740, 411
748, 411
756, 411
764, 411
772, 411
780, 411
788, 411
796, 411
4, 417
12, 417
20, 417
28, 417
36, 417
44, 417
52, 417
60, 417
68, 417
76, 417
84, 417
92, 417
100, 417
108, 417
116, 417
124, 417
132, 417
140, 417
148, 417
156, 417
164, 417
172, 417
180, 417
188, 417
196, 417
204, 417
212, 417
220, 417
228, 417
236, 417
244, 417
252, 417
260, 417
268, 417
276, 417
284, 417
292, 417
300, 417
308, 417
316, 417
324, 417
332, 417
340, 417
348, 417
356, 417
364, 417
372, 417
380, 417
388, 417
396, 417
404, 417
412, 417
420, 417
428, 417
436, 417
444, 417
452, 417
460, 417
468, 417
476, 417
484, 417
492, 417
500, 417
508, 417
516, 417
524, 417
532, 417
540, 417
548, 417
556, 417
564, 417
572, 417
580, 417
588, 417
596, 417
604, 417
612, 417
620, 417
628, 417
636, 417
644, 417
652, 417
660, 417
668, 417
676, 417
684, 417
692, 417
700, 417
708, 417
716, 417
724, 417
732, 417
740, 417
748, 417
756, 417
764, 417
772, 417
780, 417
788, 417
796, 417
4, 423
12, 423
20, 423
28, 423
36, 423
44, 423
52, 423
60, 423
68, 423
76, 423
84, 423
92, 423
100, 423
108, 423
116, 423
124, 423
132, 423
140, 423
148, 423
156, 423
164, 423
172, 423
180, 423
188, 423
196, 423
204, 423
212, 423
220, 423
228, 423
236, 423
244, 423
252, 423
260, 423
268, 423
276, 423
284, 423
292, 423
300, 423
308, 423
316, 423
324, 423
332, 423
340, 423
348, 423
356, 423
364, 423
372, 423
380, 423
388, 423
396, 423
404, 423
412, 423
420, 423
428, 423
436, 423
444, 423
452, 423
460, 423
468, 423
476, 423
484, 423
492, 423
500, 423
508, 423
516, 423
524, 423
532, 423
540, 423
548, 423
556, 423
564, 423
572, 423
580, 423
588, 423
596, 423
604, 423
612, 423
620, 423
628, 423
636, 423
644, 423
652, 423
660, 423
668, 423
676, 423
684, 423
692, 423
700, 423
708, 423
716, 423
724, 423
732, 423
740, 423
748, 423
756, 423
764, 423
772, 423
780, 423
788, 423
796, 423
4, 429
12, 429
20, 429
28, 429
36, 429
44, 429
52, 429
60, 429
68, 429
76, 429
84, 429
92, 429
100, 429
108, 429
116, 429
124, 429
132, 429
140, 429
148, 429
156, 429
164, 429
172, 429
180, 429
188, 429
196, 429
204, 429
212, 429
220, 429
228, 429
236, 429
244, 429
252, 429
260, 429
268, 429
276, 429
284, 429
292, 429
300, 429
308, 429
316, 429
324, 429
332, 429
340, 429
348, 429
356, 429
364, 429
372, 429
380, 429
388, 429
396, 429
404, 429
412, 429
420, 429
428, 429
436, 429
444, 429
452, 429
460, 429
468, 429
476, 429
484, 429
492, 429
500, 429
508, 429
516, 429
524, 429
532, 429
540, 429
548, 429
556, 429
564, 429
572, 429
580, 429
588, 429
596, 429
604, 429
612, 429
620, 429
628, 429
636, 429
644, 429
652, 429
660, 429
668, 429
676, 429
684, 429
692, 429
700, 429
708, 429
716, 429
724, 429
732, 429
740, 429
748, 429
756, 429
764, 429
772, 429
780, 429
788, 429
796, 429
4, 435
12, 435
20, 435
28, 435
36, 435
44, 435
52, 435
60, 435
68, 435
76, 435
84, 435
92, 435
100, 435
108, 435
116, 435
124, 435
132, 435
140, 435
148, 435
156, 435
164, 435
172, 435
180, 435
188, 435
196, 435
204, 435
212, 435
220, 435
228, 435
236, 435
244, 435
252, 435
260, 435
268, 435
276, 435
284, 435
292, 435
300, 435
308, 435
316, 435
324, 435
332, 435
340, 435
348, 435
356, 435
364, 435
372, 435
380, 435
388, 435
396, 435
404, 435
412, 435
420, 435
428, 435
436, 435
444, 435
452, 435
460, 435
468, 435
476, 435
484, 435
492, 435
500, 435
508, 435
516, 435
524, 435
532, 435
540, 435
548, 435
556, 435
564, 435
572, 435
580, 435
588, 435
596, 435
604, 435
612, 435
620, 435
628, 435
636, 435
644, 435
652, 435
660, 435
668, 435
676, 435
684, 435
692, 435
700, 435
708, 435
716, 435
724, 435
732, 435
740, 435
748, 435
756, 435
764, 435
772, 435
780, 435
788, 435
796, 435
4, 441
12, 441
20, 441
28, 441
36, 441
44, 441
52, 441
60, 441
68, 441
76, 441
84, 441
92, 441
100, 441
108, 441
116, 441
124, 441
132, 441
140, 441
148, 441
156, 441
164, 441
172, 441
180, 441
188, 441
196, 441
204, 441
212, 441
220, 441
228, 441
236, 441
244, 441
252, 441
260, 441
268, 441
276, 441
284, 441
292, 441
300, 441
308, 441
316, 441
324, 441
332, 441
340, 441
348, 441
356, 441
364, 441
372, 441
380, 441
388, 441
396, 441
404, 441
412, 441
420, 441
428, 441
436, 441
444, 441
452, 441
460, 441
468, 441
476, 441
484, 441
492, 441
500, 441
508, 441
516, 441
524, 441
532, 441
540, 441
548, 441
556, 441
564, 441
572, 441
580, 441
588, 441
596, 441
604, 441
612, 441
620, 441
628, 441
636, 441
644, 441
652, 441
660, 441
668, 441
676, 441
684, 441
692, 441
700, 441
708, 441
716, 441
724, 441
732, 441
740, 441
748, 441
756, 441
764, 441
772, 441
780, 441
788, 441
796, 441
4, 447
12, 447
20, 447
28, 447
36, 447
44, 447
52, 447
60, 447
68, 447
76, 447
84, 447
92, 447
100, 447
108, 447
116, 447
124, 447
132, 447
140, 447
148, 447
156, 447
164, 447
172, 447
180, 447
188, 447
196, 447
204, 447
212, 447
220, 447
228, 447
236, 447
244, 447
252, 447
260, 447
268, 447
276, 447
284, 447
292, 447
300, 447
308, 447
316, 447
324, 447
332, 447
340, 447
348, 447
356, 447
364, 447
372, 447
380, 447
388, 447
396, 447
404, 447
412, 447
420, 447
428, 447
436, 447
444, 447
452, 447
460, 447
468, 447
476, 447
484, 447
492, 447
500, 447
508, 447
516, 447
524, 447
532, 447
540, 447
548, 447
556, 447
564, 447
572, 447
580, 447
588, 447
596, 447
604, 447
612, 447
620, 447
628, 447
636, 447
644, 447
652, 447
660, 447
668, 447
676, 447
684, 447
692, 447
700, 447
708, 447
716, 447
724, 447
732, 447
740, 447
748, 447
756, 447
764, 447
772, 447
780, 447
788, 447
796, 447
4, 453
12, 453
20, 453
28, 453
36, 453
44, 453
52, 453
60, 453
68, 453
76, 453
84, 453
92, 453
100, 453
108, 453
116, 453
124, 453
132, 453
140, 453
148, 453
156, 453
164, 453
172, 453
180, 453
188, 453
196, 453
204, 453
212, 453
220, 453
228, 453
236, 453
244, 453
252, 453
260, 453
268, 453
276, 453
284, 453
292, 453
300, 453
308, 453
316, 453
324, 453
332, 453
340, 453
348, 453
356, 453
364, 453
372, 453
380, 453
388, 453
396, 453
404, 453
412, 453
420, 453
428, 453
436, 453
444, 453
452, 453
460, 453
468, 453
476, 453
484, 453
492, 453
500, 453
508, 453
516, 453
524, 453
532, 453
540, 453
548, 453
556, 453
564, 453
572, 453
580, 453
588, 453
596, 453
604, 453
612, 453
620, 453
628, 453
636, 453
644, 453
652, 453
660, 453
668, 453
676, 453
684, 453
692, 453
700, 453
708, 453
716, 453
724, 453
732, 453
740, 453
748, 453
756, 453
764, 453
772, 453
780, 453
788, 453
796, 453
4, 459
12, 459
20, 459
28, 459
36, 459
44, 459
52, 459
60, 459
68, 459
76, 459
84, 459
92, 459
100, 459
108, 459
116, 459
124, 459
132, 459
140, 459
148, 459
156, 459
164, 459
172, 459
180, 459
188, 459
196, 459
204, 459
212, 459
220, 459
228, 459
236, 459
244, 459
252, 459
260, 459
268, 459
276, 459
284, 459
292, 459
300, 459
308, 459
316, 459
324, 459
332, 459
340, 459
348, 459
356, 459
364, 459
372, 459
380, 459
388, 459
396, 459
404, 459
412, 459
420, 459
428, 459
436, 459
444, 459
452, 459
460, 459
468, 459
476, 459
484, 459
492, 459
500, 459
508, 459
516, 459
524, 459
532, 459
540, 459
548, 459
556, 459
564, 459
572, 459
580, 459
588, 459
596, 459
604, 459
612, 459
620, 459
628, 459
636, 459
644, 459
652, 459
660, 459
668, 459
676, 459
684, 459
692, 459
700, 459
708, 459
716, 459
724, 459
732, 459
740, 459
748, 459
756, 459
764, 459
772, 459
780, 459
788, 459
796, 459
4, 465
12, 465
20, 465
28, 465
36, 465
44, 465
52, 465
60, 465
68, 465
76, 465
84, 465
92, 465
100, 465
108, 465
116, 465
124, 465
132, 465
140, 465
148, 465
156, 465
164, 465
172, 465
180, 465
188, 465
196, 465
204, 465
212, 465
220, 465
228, 465
236, 465
244, 465
252, 465
260, 465
268, 465
276, 465
284, 465
292, 465
300, 465
308, 465
316, 465
324, 465
332, 465
340, 465
348, 465
356, 465
364, 465
372, 465
380, 465
388, 465
396, 465
404, 465
412, 465
420, 465
428, 465
436, 465
444, 465
452, 465
460, 465
468, 465
476, 465
484, 465
492, 465
500, 465
508, 465
516, 465
524, 465
532, 465
540, 465
548, 465
556, 465
564, 465
572, 465
580, 465
588, 465
596, 465
604, 465
612, 465
620, 465
628, 465
636, 465
644, 465
652, 465
660, 465
668, 465
676, 465
684, 465
692, 465
700, 465
708, 465
716, 465
724, 465
732, 465
740, 465
748, 465
756, 465
764, 465
772, 465
780, 465
788, 465
796, 465
4, 471
12, 471
20, 471
28, 471
36, 471
44, 471
52, 471
60, 471
68, 471
76, 471
84, 471
92, 471
100, 471
108, 471
116, 471
124, 471
132, 471
140, 471
148, 471
156, 471
164, 471
172, 471
180, 471
188, 471
196, 471
204, 471
212, 471
220, 471
228, 471
236, 471
244, 471
252, 471
260, 471
268, 471
276, 471
284, 471
292, 471
300, 471
308, 471
316, 471
324, 471
332, 471
340, 471
348, 471
356, 471
364, 471
372, 471
380, 471
388, 471
396, 471
404, 471
412, 471
420, 471
428, 471
436, 471
444, 471
452, 471
460, 471
468, 471
476, 471
484, 471
492, 471
500, 471
508, 471
516, 471
524, 471
532, 471
540, 471
548, 471
556, 471
564, 471
572, 471
580, 471
588, 471
596, 471
604, 471
612, 471
620, 471
628, 471
636, 471
644, 471
652, 471
660, 471
668, 471
676, 471
684, 471
692, 471
700, 471
708, 471
716, 471
724, 471
732, 471
740, 471
748, 471
756, 471
764, 471
772, 471
780, 471
788, 471
796, 471
4, 477
12, 477
20, 477
28, 477
36, 477
44, 477
52, 477
60, 477
68, 477
76, 477
84, 477
92, 477
100, 477
108, 477
116, 477
124, 477
132, 477
140, 477
148, 477
156, 477
164, 477
172, 477
180, 477
188, 477
196, 477
204, 477
212, 477
220, 477
228, 477
236, 477
244, 477
252, 477
260, 477
268, 477
276, 477
284, 477
292, 477
300, 477
308, 477
316, 477
324, 477
332, 477
340, 477
348, 477
356, 477
364, 477
372, 477
380, 477
388, 477
396, 477
404, 477
412, 477
420, 477
428, 477
436, 477
444, 477
452, 477
460, 477
468, 477
476, 477
484, 477
492, 477
500, 477
508, 477
516, 477
524, 477
532, 477
540, 477
548, 477
556, 477
564, 477
572, 477
580, 477
588, 477
596, 477
604, 477
612, 477
620, 477
628, 477
636, 477
644, 477
652, 477
660, 477
668, 477
676, 477
684, 477
692, 477
700, 477
708, 477
716, 477
724, 477
732, 477
740, 477
748, 477
756, 477
764, 477
772, 477
780, 477
788, 477
796, 477
4, 483
12, 483
20, 483
28, 483
36, 483
44, 483
52, 483
60, 483
68, 483
76, 483
84, 483
92, 483
100, 483
108, 483
116, 483
124, 483
132, 483
140, 483
148, 483
156, 483
164, 483
172, 483
180, 483
188, 483
196, 483
204, 483
212, 483
220, 483
228, 483
236, 483
244, 483
252, 483
260, 483
268, 483
276, 483
284, 483
292, 483
300, 483
308, 483
316, 483
324, 483
332, 483
340, 483
348, 483
356, 483
364, 483
372, 483
380, 483
388, 483
396, 483
404, 483
412, 483
420, 483
428, 483
436, 483
444, 483
452, 483
460, 483
468, 483
476, 483
484, 483
492, 483
500, 483
508, 483
516, 483
524, 483
532, 483
540, 483
548, 483
556, 483
564, 483
572, 483
580, 483
588, 483
596, 483
604, 483
612, 483
620, 483
628, 483
636, 483
644, 483
652, 483
660, 483
668, 483
676, 483
684, 483
692, 483
700, 483
708, 483
716, 483
724, 483
732, 483
740, 483
748, 483
756, 483
764, 483
772, 483
780, 483
788, 483
796, 483
4, 489
12, 489
20, 489
28, 489
36, 489
44, 489
52, 489
60, 489
68, 489
76, 489
84, 489
92, 489
100, 489
108, 489
116, 489
124, 489
132, 489
140, 489
148, 489
156, 489
164, 489
172, 489
180, 489
188, 489
196, 489
204, 489
212, 489
220, 489
228, 489
236, 489
244, 489
252, 489
260, 489
268, 489
276, 489
284, 489
292, 489
300, 489
308, 489
316, 489
324, 489
332, 489
340, 489
348, 489
356, 489
364, 489
372, 489
380, 489
388, 489
396, 489
404, 489
412, 489
420, 489
428, 489
436, 489
444, 489
452, 489
460, 489
468, 489
476, 489
484, 489
492, 489
500, 489
508, 489
516, 489
524, 489
532, 489
540, 489
548, 489
556, 489
564, 489
572, 489
580, 489
588, 489
596, 489
604, 489
612, 489
620, 489
628, 489
636, 489
644, 489
652, 489
660, 489
668, 489
676, 489
684, 489
692, 489
700, 489
708, 489
716, 489
724, 489
732, 489
740, 489
748, 489
756, 489
764, 489
772, 489
780, 489
788, 489
796, 489
4, 495
12, 495
20, 495
28, 495
36, 495
44, 495
52, 495
60, 495
68, 495
76, 495
84, 495
92, 495
100, 495
108, 495
116, 495
124, 495
132, 495
140, 495
148, 495
156, 495
164, 495
172, 495
180, 495
188, 495
196, 495
204, 495
212, 495
220, 495
228, 495
236, 495
244, 495
252, 495
260, 495
268, 495
276, 495
284, 495
292, 495
300, 495
308, 495
316, 495
324, 495
332, 495
340, 495
348, 495
356, 495
364, 495
372, 495
380, 495
388, 495
396, 495
404, 495
412, 495
420, 495
428, 495
436, 495
444, 495
452, 495
460, 495
468, 495
476, 495
484, 495
492, 495
500, 495
508, 495
516, 495
524, 495
532, 495
540, 495
548, 495
556, 495
564, 495
572, 495
580, 495
588, 495
596, 495
604, 495
612, 495
620, 495
628, 495
636, 495
644, 495
652, 495
660, 495
668, 495
676, 495
684, 495
692, 495
700, 495
708, 495
716, 495
724, 495
732, 495
740, 495
748, 495
756, 495
764, 495
772, 495
780, 495
788, 495
796, 495
4, 501
12, 501
20, 501
28, 501
36, 501
44, 501
52, 501
60, 501
68, 501
76, 501
84, 501
92, 501
100, 501
108, 501
116, 501
124, 501
132, 501
140, 501
148, 501
156, 501
164, 501
172, 501
180, 501
188, 501
196, 501
204, 501
212, 501
220, 501
228, 501
236, 501
244, 501
252, 501
260, 501
268, 501
276, 501
284, 501
292, 501
300, 501
308, 501
316, 501
324, 501
332, 501
340, 501
348, 501
356, 501
364, 501
372, 501
380, 501
388, 501
396, 501
404, 501
412, 501
420, 501
428, 501
436, 501
444, 501
452, 501
460, 501
468, 501
476, 501
484, 501
492, 501
500, 501
508, 501
516, 501
524, 501
532, 501
540, 501
548, 501
556, 501
564, 501
572, 501
580, 501
588, 501
596, 501
604, 501
612, 501
620, 501
628, 501
636, 501
644, 501
652, 501
660, 501
668, 501
676, 501
684, 501
692, 501
700, 501
708, 501
716, 501
724, 501
732, 501
740, 501
748, 501
756, 501
764, 501
772, 501
780, 501
788, 501
796, 501
4, 507
12, 507
20, 507
28, 507
36, 507
44, 507
52, 507
60, 507
68, 507
76, 507
84, 507
92, 507
100, 507
108, 507
116, 507
124, 507
132, 507
140, 507
148, 507
156, 507
164, 507
172, 507
180, 507
188, 507
196, 507
204, 507
212, 507
220, 507
228, 507
236, 507
244, 507
252, 507
260, 507
268, 507
276, 507
284, 507
292, 507
300, 507
308, 507
316, 507
324, 507
332, 507
340, 507
348, 507
356, 507
364, 507
372, 507
380, 507
388, 507
396, 507
404, 507
412, 507
420, 507
428, 507
436, 507
444, 507
452, 507
460, 507
468, 507
476, 507
484, 507
492, 507
500, 507
508, 507
516, 507
524, 507
532, 507
540, 507
548, 507
556, 507
564, 507
572, 507
580, 507
588, 507
596, 507
604, 507
612, 507
620, 507
628, 507
636, 507
644, 507
652, 507
660, 507
668, 507
676, 507
684, 507
692, 507
700, 507
708, 507
716, 507
724, 507
732, 507
740, 507
748, 507
756, 507
764, 507
772, 507
780, 507
788, 507
796, 507
4, 513
12, 513
20, 513
28, 513
36, 513
44, 513
52, 513
60, 513
68, 513
76, 513
84, 513
92, 513
100, 513
108, 513
116, 513
124, 513
132, 513
140, 513
148, 513
156, 513
164, 513
172, 513
180, 513
188, 513
196, 513
204, 513
212, 513
220, 513
228, 513
236, 513
244, 513
252, 513
260, 513
268, 513
276, 513
284, 513
292, 513
300, 513
308, 513
316, 513
324, 513
332, 513
340, 513
348, 513
356, 513
364, 513
372, 513
380, 513
388, 513
396, 513
404, 513
412, 513
420, 513
428, 513
436, 513
444, 513
452, 513
460, 513
468, 513
476, 513
484, 513
492, 513
500, 513
508, 513
516, 513
524, 513
532, 513
540, 513
548, 513
556, 513
564, 513
572, 513
580, 513
588, 513
596, 513
604, 513
612, 513
620, 513
628, 513
636, 513
644, 513
652, 513
660, 513
668, 513
676, 513
684, 513
692, 513
700, 513
708, 513
716, 513
724, 513
732, 513
740, 513
748, 513
756, 513
764, 513
772, 513
780, 513
788, 513
796, 513
4, 519
12, 519
20, 519
28, 519
36, 519
44, 519
52, 519
60, 519
68, 519
76, 519
84, 519
92, 519
100, 519
108, 519
116, 519
124, 519
132, 519
140, 519
148, 519
156, 519
164, 519
172, 519
180, 519
188, 519
196, 519
204, 519
212, 519
220, 519
228, 519
236, 519
244, 519
252, 519
260, 519
268, 519
276, 519
284, 519
292, 519
300, 519
308, 519
316, 519
324, 519
332, 519
340, 519
348, 519
356, 519
364, 519
372, 519
380, 519
388, 519
396, 519
404, 519
412, 519
420, 519
428, 519
436, 519
444, 519
452, 519
460, 519
468, 519
476, 519
484, 519
492, 519
500, 519
508, 519
516, 519
524, 519
532, 519
540, 519
548, 519
556, 519
564, 519
572, 519
580, 519
588, 519
596, 519
604, 519
612, 519
620, 519
628, 519
636, 519
644, 519
652, 519
660, 519
668, 519
676, 519
684, 519
692, 519
700, 519
708, 519
716, 519
724, 519
732, 519
740, 519
748, 519
756, 519
764, 519
772, 519
780, 519
788, 519
796, 519
4, 525
12, 525
20, 525
28, 525
36, 525
44, 525
52, 525
60, 525
68, 525
76, 525
84, 525
92, 525
100, 525
108, 525
116, 525
124, 525
132, 525
140, 525
148, 525
156, 525
164, 525
172, 525
180, 525
188, 525
196, 525
204, 525
212, 525
220, 525
228, 525
236, 525
244, 525
252, 525
260, 525
268, 525
276, 525
284, 525
292, 525
300, 525
308, 525
316, 525
324, 525
332, 525
340, 525
348, 525
356, 525
364, 525
372, 525
380, 525
388, 525
396, 525
404, 525
412, 525
420, 525
428, 525
436, 525
444, 525
452, 525
460, 525
468, 525
476, 525
484, 525
492, 525
500, 525
508, 525
516, 525
524, 525
532, 525
540, 525
548, 525
556, 525
564, 525
572, 525
580, 525
588, 525
596, 525
604, 525
612, 525
620, 525
628, 525
636, 525
644, 525
652, 525
660, 525
668, 525
676, 525
684, 525
692, 525
700, 525
708, 525
716, 525
724, 525
732, 525
740, 525
748, 525
756, 525
764, 525
772, 525
780, 525
788, 525
796, 525
4, 531
12, 531
20, 531
28, 531
36, 531
44, 531
52, 531
60, 531
68, 531
76, 531
84, 531
92, 531
100, 531
108, 531
116, 531
124, 531
132, 531
140, 531
148, 531
156, 531
164, 531
172, 531
180, 531
188, 531
196, 531
204, 531
212, 531
220, 531
228, 531
236, 531
244, 531
252, 531
260, 531
268, 531
276, 531
284, 531
292, 531
300, 531
308, 531
316, 531
324, 531
332, 531
340, 531
348, 531
356, 531
364, 531
372, 531
380, 531
388, 531
396, 531
404, 531
412, 531
420, 531
428, 531
436, 531
444, 531
452, 531
460, 531
468, 531
476, 531
484, 531
492, 531
500, 531
508, 531
516, 531
524, 531
532, 531
540, 531
548, 531
556, 531
564, 531
572, 531
580, 531
588, 531
596, 531
604, 531
612, 531
620, 531
628, 531
636, 531
644, 531
652, 531
660, 531
668, 531
676, 531
684, 531
692, 531
700, 531
708, 531
716, 531
724, 531
732, 531
740, 531
748, 531
756, 531
764, 531
772, 531
780, 531
788, 531
796, 531
4, 537
12, 537
20, 537
28, 537
36, 537
44, 537
52, 537
60, 537
68, 537
76, 537
84, 537
92, 537
100, 537
108, 537
116, 537
124, 537
132, 537
140, 537
148, 537
156, 537
164, 537
172, 537
180, 537
188, 537
196, 537
204, 537
212, 537
220, 537
228, 537
236, 537
244, 537
252, 537
260, 537
268, 537
276, 537
284, 537
292, 537
300, 537
308, 537
316, 537
324, 537
332, 537
340, 537
348, 537
356, 537
364, 537
372, 537
380, 537
388, 537
396, 537
404, 537
412, 537
420, 537
428, 537
436, 537
444, 537
452, 537
460, 537
468, 537
476, 537
484, 537
492, 537
500, 537
508, 537
516, 537
524, 537
532, 537
540, 537
548, 537
556, 537
564, 537
572, 537
580, 537
588, 537
596, 537
604, 537
612, 537
620, 537
628, 537
636, 537
644, 537
652, 537
660, 537
668, 537
676, 537
684, 537
692, 537
700, 537
708, 537
716, 537
724, 537
732, 537
740, 537
748, 537
756, 537
764, 537
772, 537
780, 537
788, 537
796, 537
4, 543
12, 543
20, 543
28, 543
36, 543
44, 543
52, 543
60, 543
68, 543
76, 543
84, 543
92, 543
100, 543
108, 543
116, 543
124, 543
132, 543
140, 543
148, 543
156, 543
164, 543
172, 543
180, 543
188, 543
196, 543
204, 543
212, 543
220, 543
228, 543
236, 543
244, 543
252, 543
260, 543
268, 543
276, 543
284, 543
292, 543
300, 543
308, 543
316, 543
324, 543
332, 543
340, 543
348, 543
356, 543
364, 543
372, 543
380, 543
388, 543
396, 543
404, 543
412, 543
420, 543
428, 543
436, 543
444, 543
452, 543
460, 543
468, 543
476, 543
484, 543
492, 543
500, 543
508, 543
516, 543
524, 543
532, 543
540, 543
548, 543
556, 543
564, 543
572, 543
580, 543
588, 543
596, 543
604, 543
612, 543
620, 543
628, 543
636, 543
644, 543
652, 543
660, 543
668, 543
676, 543
684, 543
692, 543
700, 543
708, 543
716, 543
724, 543
732, 543
740, 543
748, 543
756, 543
764, 543
772, 543
780, 543
788, 543
796, 543
4, 549
12, 549
20, 549
28, 549
36, 549
44, 549
52, 549
60, 549
68, 549
76, 549
84, 549
92, 549
100, 549
108, 549
116, 549
124, 549
132, 549
140, 549
148, 549
156, 549
164, 549
172, 549
180, 549
188, 549
196, 549
204, 549
212, 549
220, 549
228, 549
236, 549
244, 549
252, 549
260, 549
268, 549
276, 549
284, 549
292, 549
300, 549
308, 549
316, 549
324, 549
332, 549
340, 549
348, 549
356, 549
364, 549
372, 549
380, 549
388, 549
396, 549
404, 549
412, 549
420, 549
428, 549
436, 549
444, 549
452, 549
460, 549
468, 549
476, 549
484, 549
492, 549
500, 549
508, 549
516, 549
524, 549
532, 549
540, 549
548, 549
556, 549
564, 549
572, 549
580, 549
588, 549
596, 549
604, 549
612, 549
620, 549
628, 549
636, 549
644, 549
652, 549
660, 549
668, 549
676, 549
684, 549
692, 549
700, 549
708, 549
716, 549
724, 549
732, 549
740, 549
748, 549
756, 549
764, 549
772, 549
780, 549
788, 549
796, 549
4, 555
12, 555
20, 555
28, 555
36, 555
44, 555
52, 555
60, 555
68, 555
76, 555
84, 555
92, 555
100, 555
108, 555
116, 555
124, 555
132, 555
140, 555
148, 555
156, 555
164, 555
172, 555
180, 555
188, 555
196, 555
204, 555
212, 555
220, 555
228, 555
236, 555
244, 555
252, 555
260, 555
268, 555
276, 555
284, 555
292, 555
300, 555
308, 555
316, 555
324, 555
332, 555
340, 555
348, 555
356, 555
364, 555
372, 555
380, 555
388, 555
396, 555
404, 555
412, 555
420, 555
428, 555
436, 555
444, 555
452, 555
460, 555
468, 555
476, 555
484, 555
492, 555
500, 555
508, 555
516, 555
524, 555
532, 555
540, 555
548, 555
556, 555
564, 555
572, 555
580, 555
588, 555
596, 555
604, 555
612, 555
620, 555
628, 555
636, 555
644, 555
652, 555
660, 555
668, 555
676, 555
684, 555
692, 555
700, 555
708, 555
716, 555
724, 555
732, 555
740, 555
748, 555
756, 555
764, 555
772, 555
780, 555
788, 555
796, 555
4, 561
12, 561
20, 561
28, 561
36, 561
44, 561
52, 561
60, 561
68, 561
76, 561
84, 561
92, 561
100, 561
108, 561
116, 561
124, 561
132, 561
140, 561
148, 561
156, 561
164, 561
172, 561
180, 561
188, 561
196, 561
204, 561
212, 561
220, 561
228, 561
236, 561
244, 561
252, 561
260, 561
268, 561
276, 561
284, 561
292, 561
300, 561
308, 561
316, 561
324, 561
332, 561
340, 561
348, 561
356, 561
364, 561
372, 561
380, 561
388, 561
396, 561
404, 561
412, 561
420, 561
428, 561
436, 561
444, 561
452, 561
460, 561
468, 561
476, 561
484, 561
492, 561
500, 561
508, 561
516, 561
524, 561
532, 561
540, 561
548, 561
556, 561
564, 561
572, 561
580, 561
588, 561
596, 561
604, 561
612, 561
620, 561
628, 561
636, 561
644, 561
652, 561
660, 561
668, 561
676, 561
684, 561
692, 561
700, 561
708, 561
716, 561
724, 561
732, 561
740, 561
748, 561
756, 561
764, 561
772, 561
780, 561
788, 561
796, 561
4, 567
12, 567
20, 567
28, 567
36, 567
44, 567
52, 567
60, 567
68, 567
76, 567
84, 567
92, 567
100, 567
108, 567
116, 567
124, 567
132, 567
140, 567
148, 567
156, 567
164, 567
172, 567
180, 567
188, 567
196, 567
204, 567
212, 567
220, 567
228, 567
236, 567
244, 567
252, 567
260, 567
268, 567
276, 567
284, 567
292, 567
300, 567
308, 567
316, 567
324, 567
332, 567
340, 567
348, 567
356, 567
364, 567
372, 567
380, 567
388, 567
396, 567
404, 567
412, 567
420, 567
428, 567
436, 567
444, 567
452, 567
460, 567
468, 567
476, 567
484, 567
492, 567
500, 567
508, 567
516, 567
524, 567
532, 567
540, 567
548, 567
556, 567
564, 567
572, 567
580, 567
588, 567
596, 567
604, 567
612, 567
620, 567
628, 567
636, 567
644, 567
652, 567
660, 567
668, 567
676, 567
684, 567
692, 567
700, 567
708, 567
716, 567
724, 567
732, 567
740, 567
748, 567
756, 567
764, 567
772, 567
780, 567
788, 567
796, 567
4, 573
12, 573
20, 573
28, 573
36, 573
44, 573
52, 573
60, 573
68, 573
76, 573
84, 573
92, 573
100, 573
108, 573
116, 573
124, 573
132, 573
140, 573
148, 573
156, 573
164, 573
172, 573
180, 573
188, 573
196, 573
204, 573
212, 573
220, 573
228, 573
236, 573
244, 573
252, 573
260, 573
268, 573
276, 573
284, 573
292, 573
300, 573
308, 573
316, 573
324, 573
332, 573
340, 573
348, 573
356, 573
364, 573
372, 573
380, 573
388, 573
396, 573
404, 573
412, 573
420, 573
428, 573
436, 573
444, 573
452, 573
460, 573
468, 573
476, 573
484, 573
492, 573
500, 573
508, 573
516, 573
524, 573
532, 573
540, 573
548, 573
556, 573
564, 573
572, 573
580, 573
588, 573
596, 573
604, 573
612, 573
620, 573
628, 573
636, 573
644, 573
652, 573
660, 573
668, 573
676, 573
684, 573
692, 573
700, 573
708, 573
716, 573
724, 573
732, 573
740, 573
748, 573
756, 573
764, 573
772, 573
780, 573
788, 573
796, 573
4, 579
12, 579
20, 579
28, 579
36, 579
44, 579
52, 579
60, 579
68, 579
76, 579
84, 579
92, 579
100, 579
108, 579
116, 579
124, 579
132, 579
140, 579
148, 579
156, 579
164, 579
172, 579
180, 579
188, 579
196, 579
204, 579
212, 579
220, 579
228, 579
236, 579
244, 579
252, 579
260, 579
268, 579
276, 579
284, 579
292, 579
300, 579
308, 579
316, 579
324, 579
332, 579
340, 579
348, 579
356, 579
364, 579
372, 579
380, 579
388, 579
396, 579
404, 579
412, 579
420, 579
428, 579
436, 579
444, 579
452, 579
460, 579
468, 579
476, 579
484, 579
492, 579
500, 579
508, 579
516, 579
524, 579
532, 579
540, 579
548, 579
556, 579
564, 579
572, 579
580, 579
588, 579
596, 579
604, 579
612, 579
620, 579
628, 579
636, 579
644, 579
652, 579
660, 579
668, 579
676, 579
684, 579
692, 579
700, 579
708, 579
716, 579
724, 579
732, 579
740, 579
748, 579
756, 579
764, 579
772, 579
780, 579
788, 579
796, 579
4, 585
12, 585
20, 585
28, 585
36, 585
44, 585
52, 585
60, 585
68, 585
76, 585
84, 585
92, 585
100, 585
108, 585
116, 585
124, 585
132, 585
140, 585
148, 585
156, 585
164, 585
172, 585
180, 585
188, 585
196, 585
204, 585
212, 585
220, 585
228, 585
236, 585
244, 585
252, 585
260, 585
268, 585
276, 585
284, 585
292, 585
300, 585
308, 585
316, 585
324, 585
332, 585
340, 585
348, 585
356, 585
364, 585
372, 585
380, 585
388, 585
396, 585
404, 585
412, 585
420, 585
428, 585
436, 585
444, 585
452, 585
460, 585
468, 585
476, 585
484, 585
492, 585
500, 585
508, 585
516, 585
524, 585
532, 585
540, 585
548, 585
556, 585
564, 585
572, 585
580, 585
588, 585
596, 585
604, 585
612, 585
620, 585
628, 585
636, 585
644, 585
652, 585
660, 585
668, 585
676, 585
684, 585
692, 585
700, 585
708, 585
716, 585
724, 585
732, 585
740, 585
748, 585
756, 585
764, 585
772, 585
780, 585
788, 585
796, 585
4, 591
12, 591
20, 591
28, 591
36, 591
44, 591
52, 591
60, 591
68, 591
76, 591
84, 591
92, 591
100, 591
108, 591
116, 591
124, 591
132, 591
140, 591
148, 591
156, 591
164, 591
172, 591
180, 591
188, 591
196, 591
204, 591
212, 591
220, 591
228, 591
236, 591
244, 591
252, 591
260, 591
268, 591
276, 591
284, 591
292, 591
300, 591
308, 591
316, 591
324, 591
332, 591
340, 591
348, 591
356, 591
364, 591
372, 591
380, 591
388, 591
396, 591
404, 591
412, 591
420, 591
428, 591
436, 591
444, 591
452, 591
460, 591
468, 591
476, 591
484, 591
492, 591
500, 591
508, 591
516, 591
524, 591
532, 591
540, 591
548, 591
556, 591
564, 591
572, 591
580, 591
588, 591
596, 591
604, 591
612, 591
620, 591
628, 591
636, 591
644, 591
652, 591
660, 591
668, 591
676, 591
684, 591
692, 591
700, 591
708, 591
716, 591
724, 591
732, 591
740, 591
748, 591
756, 591
764, 591
772, 591
780, 591
788, 591
796, 591
4, 597
12, 597
20, 597
28, 597
36, 597
44, 597
52, 597
60, 597
68, 597
76, 597
84, 597
92, 597
100, 597
108, 597
116, 597
124, 597
132, 597
140, 597
148, 597
156, 597
164, 597
172, 597
180, 597
188, 597
196, 597
204, 597
212, 597
220, 597
228, 597
236, 597
244, 597
252, 597
260, 597
268, 597
276, 597
284, 597
292, 597
300, 597
308, 597
316, 597
324, 597
332, 597
340, 597
348, 597
356, 597
364, 597
372, 597
380, 597
388, 597
396, 597
404, 597
412, 597
420, 597
428, 597
436, 597
444, 597
452, 597
460, 597
468, 597
476, 597
484, 597
492, 597
500, 597
508, 597
516, 597
524, 597
532, 597
540, 597
548, 597
556, 597
564, 597
572, 597
580, 597
588, 597
596, 597
604, 597
612, 597
620, 597
628, 597
636, 597
644, 597
652, 597
660, 597
668, 597
676, 597
684, 597
692, 597
700, 597
708, 597
716, 597
724, 597
732, 597
740, 597
748, 597
756, 597
764, 597
772, 597
780, 597
788, 597
796, 597
